7.4992,-0.6158,38.83694172141031,13.333011575199993,22.16707916043052,1.2157361976549095,30.38472591283902,7.533139315798403,0.38812523066181487,13.018289929263315,11.004220032006966,31.060474640047023,12.423364739765939,3.2178662844236388,6.367002884846362,3.84634001274549,6.53431442016561,0.7177741587388036,1.3177428695664088,25.138732603161298,0.8253022071782189,34.43527571950916,8.864486630313932,13.031272382433576,-1
10.15812,0.54768,100.827,90.5129,94.4313,103.76310000000001,81.2384,83.2303,71.2372,78.0421,89.14,41.8154,58.881,2.307799999999993,42.424499999999995,52.3904,35.0015,71.783,66.7182,84.75819999999999,89.424,58.880399999999995,91.51429999999999,76.2337,1
3.3949800000000003,6.01872,60.29901296719127,36.74853017889105,23.746816346063735,43.67200418138136,15.29457004844348,26.213419205457793,24.909812128188097,9.169969550236747,51.79147847404041,0.34719104018661057,11.708202457354938,3.568914060811063,7.256893066280341,16.71445320394977,3.188783114415608,30.739146191329617,13.113189689760464,5.263506265880272,32.472688653897606,3.597511379407952,48.568193371160945,26.47910164551083,-1
10.44172,1.7832999999999999,13.708955709412983,10.860836199011953,1.0866033051694306,21.992387023269462,13.040957094762303,1.6555410595822309,9.521224495860855,2.788639136310455,12.34499011672361,11.557732728580651,3.190185202761365,2.1627294381717577,3.3505333566176008,7.875801407004707,5.723749135681684,12.771776419883608,0.5282884954442204,3.8572306519227397,13.741558927444608,16.4145445356246,27.513315275922935,8.997171899395052,-1
10.14798,1.92976,4.919299999999993,53.0874,65.3668,48.8566,81.5127,85.50630000000001,74.8411,97.6685,96.4324,123.3046,111.8993,109.2247,104.7981,99.8794,115.2938,96.1947,110.7449,86.5741,79.0961,102.14959999999999,53.9617,65.3312,-1
10.33388,-1.6917200000000001,99.6061912214911,47.64910809316275,49.984035338813634,42.538366457314225,42.79502619374937,24.18790602751687,19.127434374091266,18.901703963496402,0.08879370556433593,7.100452355338869,6.805323421159735,0.8569941428555357,3.9267329072323274,1.1698368762708602,5.8404096916493575,0.2741222861274509,4.625527062735673,39.07050866280516,9.779934019775537,35.99146681531938,22.47733139981733,27.535743395508597,-1
10.19308,-1.44108,2.8427000000000007,39.290000000000006,57.243,35.688500000000005,78.2395,80.6997,86.81360000000001,92.7303,90.8811,101.5404,94.8792,99.3698,101.4878,97.9991,106.2101,86.5795,97.38680000000001,100.3546,80.247,93.4518,66.3246,75.2332,1
10.55252,-1.17654,1.045500000000004,41.087199999999996,59.0402,37.485699999999994,80.0095,82.33019999999999,88.53800000000001,94.2058,92.67830000000001,103.1893,96.54050000000001,100.32390000000001,103.285,99.4939,107.74459999999999,88.58420000000001,98.8351,101.8137,82.12610000000001,95.2619,67.428,76.8423,-1
9.73488,-0.19496,0.527000000000001,46.855,60.1838,42.01349999999999,79.8492,78.3333,83.1945,101.8289,92.7173,108.73570000000001,97.29939999999999,102.3555,100.65780000000001,96.5291,106.5832,94.0977,105.5937,104.19399999999999,81.3342,92.21619999999999,48.4765,75.0026,-1
10.13518,-0.00306,4.5982207016264125,4.111261405292318,0.9223097117445297,7.984553049574971,2.7837841076025347,7.593419430023515,9.580308440440753,0.48640518321831533,34.455898997938576,4.82245091086232,12.524380360853383,46.22042697472975,18.0667178132862,31.61852375911331,4.024528371851281,39.422319123333644,16.58689089309368,2.9698204847380714,12.810344363403939,2.004188598719886,12.03398355458547,7.306412332965493,1
10.37624,1.7054200000000002,101.60916020133833,50.17364846140133,49.74445259689274,41.78386403233618,46.80925840771506,26.159925815230604,12.736318544948933,14.956880956237288,7.056451458205403,2.619180161296038,0.007464228705501889,0.7804329080488598,2.3905021828699335,3.4616314977006803,1.9997437513863727,5.072183009240978,4.9711271876368075,0.8429664053784804,14.568756470006047,26.169562826695003,34.57239936592943,28.498575413235063,-1
10.26818,-2.20514,101.04063114792753,52.35186420951686,54.87472225033848,46.24032676165821,43.78932937930522,24.33859053801654,14.295286387626028,16.780429270736622,0.019983119851564854,8.931945664297135,13.46037819707171,1.1863946736245095,4.413848842223719,4.12158941997067,5.455674532941045,0.14007171566164775,6.157178227285734,16.047165329457087,10.658769733890015,36.68637499603307,28.335171569530697,28.263167749963046,-1
7.62388,-2.06684,58.712277194104296,25.239201898477127,35.85672924121653,10.174790180240622,42.00944201298993,17.86530057149625,10.006178052830391,24.19722365244986,0.7025096391034253,25.181607427687517,11.084837841842061,1.109923126372831,9.564008180692804,1.5046666690656536,16.457588435482343,0.9640341057761043,8.14969445671138,33.74603685386767,15.424042736715084,40.86879588993165,2.1505257987002278,22.490903049557392,-1
10.30982,1.65382,98.25917689329559,50.582240957569695,47.34247225771882,46.65506433458937,37.879432565704775,23.09579638922409,20.847260218800265,0.6078081424214223,9.690466545001632,0.5812701957475724,6.841640551670332,0.9692827961190621,3.7142624855257034,5.627606951727368,1.0945576483253885,6.89291942957293,2.5248122759491824,0.06375626808846173,16.743241355812735,22.342341023141934,39.26095893059469,27.840730813021874,-1
10.30982,1.65382,0.9692827961190621,3.7142624855257034,5.627606951727368,1.0945576483253885,6.89291942957293,2.5248122759491824,0.06375626808846173,16.743241355812735,22.342341023141934,39.26095893059469,27.840730813021874,98.25917689329559,50.582240957569695,47.34247225771882,46.65506433458937,37.879432565704775,23.09579638922409,20.847260218800265,0.6078081424214223,9.690466545001632,0.5812701957475724,6.841640551670332,1
9.72944,-0.061880000000000004,28.382193428706504,24.228711870147304,12.141293642819571,36.469067730669224,3.0347374312716777,12.907257980394716,26.585011184153345,6.070721488996868,16.514271141155277,0.3734158035037069,7.269311021270932,0.9865444513026409,2.016061992514397,7.922666511742072,5.429818837779558,12.33011981346131,7.053688084507053,6.7822628304443775,19.850809009318485,10.841498386477484,32.6837291505635,7.115002649260439,-1
10.35052,-1.6577000000000002,0.34790000000000276,38.9204,53.4127,26.078300000000002,75.1678,67.7642,76.8282,90.9461,91.5721,101.1597,88.48,96.3041,99.8411,94.0484,103.59819999999999,84.4425,91.9804,94.7048,85.23780000000001,88.2988,46.873900000000006,74.2002,-1
9.2655,-0.70072,1.3264999999999958,46.4455,59.2619,41.9786,74.7454,76.7069,85.1098,96.1956,88.6092,109.8373,104.2124,96.87530000000001,101.9117,93.6183,112.32809999999999,90.1167,96.65360000000001,79.6851,57.6925,91.3567,49.5526,72.5527,-1
9.4,-1.832,2.8359999999999985,33.0421,48.2852,21.7456,70.7683,63.5462,67.9021,85.4665,73.7499,98.1375,86.5197,91.3957,95.525,84.5204,99.1261,79.9631,83.2638,89.8588,75.9551,83.4171,41.6412,67.737,-1
10.08316,2.70338,100.4219144263029,49.90106905814967,50.517975653342845,40.19096789288553,49.77201034495944,24.687191598079888,11.718258543548325,14.675543934433833,7.02436033775492,0.027241086733478418,6.340188982452673,0.25356011572581316,2.131620547695288,2.46476518100628,0.5453182671269535,3.9499465686947133,4.058380735643146,13.773401086990887,31.35700402288729,29.16967191785198,33.93842512817018,27.36776715640698,-1
10.285,1.71894,95.68350050318854,50.28489555356092,47.471633528680535,44.11576976654914,38.49402085000221,23.65101261817038,14.754327530834965,13.548235149969118,9.921950621950737,0.4618418951514087,0.27658935309678834,0.9278252723380875,2.4938622057800806,6.839794932276996,4.281398930742746,7.446064104218033,6.169777848088984,0.13090844987479194,17.72165191596574,20.64752479244554,38.87698259753997,27.526470127540634,-1
10.03534,-4.42366,91.6627387487608,48.910122340662795,44.96128168944653,50.4606860259424,31.31781366028442,26.23937728698916,21.121657883168638,12.883535702432754,1.7622306563191819,2.30813018977869,9.028693205003044,4.734163151990926,0.047097935385866554,0.013550079532866107,3.2427665799568897,2.3318700302804767,3.798192738419599,27.923945151638332,20.42185250105044,23.142809486987534,30.787204333036275,26.158808454977247,-1
10.39664,-1.4193799999999999,0.026200000000002888,39.321999999999996,54.5391,27.718199999999996,74.6532,66.9151,53.824999999999996,75.3178,92.7865,100.33259999999999,88.8057,95.7792,100.07339999999999,94.73179999999999,103.5837,89.3528,93.8047,67.5538,54.351699999999994,64.7756,27.052199999999996,43.03959999999999,1
10.389019999999999,1.6572600000000002,99.92751543154802,49.90754561486435,47.90849698108988,43.464944376155195,44.76809469495433,24.263260313691795,13.53193243992651,14.209131308896763,15.566945841178956,0.016233909152883308,9.377525080748955,1.0768004960364599,4.317655616219155,4.596909765299732,0.1154955861591301,7.833450612830821,3.7853482887439953,25.22172006644042,29.34297471918184,25.540421741968945,36.624352253301474,32.62474933742252,-1
10.389019999999999,1.6572600000000002,1.0768004960364599,4.317655616219155,4.596909765299732,0.1154955861591301,7.833450612830821,3.7853482887439953,25.22172006644042,29.34297471918184,25.540421741968945,36.624352253301474,32.62474933742252,99.92751543154802,49.90754561486435,47.90849698108988,43.464944376155195,44.76809469495433,24.263260313691795,13.53193243992651,14.209131308896763,15.566945841178956,0.016233909152883308,9.377525080748955,1
10.2639,2.2234000000000003,101.3158386428378,49.66621041119182,50.394558242226836,41.0823358975232,49.24514045036072,26.11390410132035,12.645100655889653,15.266699753564295,6.039516720540973,4.099093988683917,0.3781060150735622,0.35094881172101366,3.905611959192374,2.6614950739764427,3.6467871696207927,3.57448893424157,4.362109869677168,2.939221549371851,13.519010728358051,28.887739906804477,33.54844185922809,28.05099470162811,-1
10.33316,1.25364,100.36768601898308,50.286487326592884,49.276020580265566,43.92832711197416,43.84884837334785,25.118351194136196,12.412995127875266,14.285855873912034,5.883716124953984,3.1469255184536182,0.04163105086388913,0.9646872159268021,1.650693045049479,3.117137464081639,1.0076513566838565,3.7303732100771225,1.451606181861072,3.5343559938717033,14.106463470094285,27.57971294566031,35.65443628228334,27.716659122029185,1
10.05654,-1.93026,0.4180999999999955,38.3516,51.9146,27.465999999999998,73.9854,67.1817,75.969,88.9366,77.6272,99.32169999999999,89.2499,91.928,96.3698,88.7563,102.2632,81.7024,90.1605,93.0225,81.13409999999999,87.53909999999999,44.7685,69.6182,-1
9.423,1.42868,22.483390043345757,25.11705082468932,10.96829889123463,35.456889492958055,3.7243599966120313,14.117284619042783,14.448859429475599,8.74744931178822,17.179300592530073,0.47192165285847065,11.289935688230706,3.559705992404369,6.091237897662022,8.986001480843901,1.1966753298949278,13.432522086585589,10.668283808745718,0.8000107934064417,13.86018067543264,10.748387869672296,37.152185582123785,10.102023837346941,-1
10.2502,1.73122,1.525500000000001,53.6691,65.9187,50.882799999999996,77.3044,87.0078,91.5482,100.2157,96.9365,118.8628,111.5743,109.96189999999999,112.13049999999998,101.6852,115.0498,96.5128,107.47389999999999,113.98660000000001,86.77929999999999,99.6883,55.064899999999994,79.00399999999999,-1
9.51588,-1.2724,12.468516603859596,5.606204660537348,19.434643383401514,5.875677329810947,32.743437303109616,16.92573477890188,6.833348770166618,18.766286388348483,0.29234942768272787,18.67269118382406,11.878591364294287,6.652530380105875,14.82080842712998,8.84694291326333,19.357691625464977,0.7516581519934208,12.35359195711415,18.150740906563385,0.9817585057570738,33.43119270144928,12.668681039937875,12.297353433531741,1
10.3178,1.71324,99.9411686023918,50.65091038410419,47.115182236428424,44.69233064855821,44.0665542091617,24.344685659023284,20.409462621529435,16.32310769288733,10.127417020864598,0.5707123250673176,7.301151989863734,0.7538427009295271,3.1563416054537745,4.225493573514656,0.3258851369654323,5.8500089820823975,7.885966972621007,29.768773408111997,29.84787182479332,25.316880707801324,38.35945971838362,27.84317816625756,-1
10.39452,-1.7631000000000001,93.79168263274092,52.78079274852606,47.04325184225445,51.65510887765855,33.63039195233956,24.699944594580145,14.901057039134235,9.894119245275247,1.8469825301516585,1.7998035066567641,7.0152354536463175,0.13143644007897737,0.7209207978137648,1.9939053336695107,0.1557980317552151,2.238578409294807,2.5557186066272037,14.292821607425157,2.9881526670950107,24.43079518938048,36.19370679554228,24.264027845468636,-1
10.34006,1.7250800000000002,89.03158893935492,41.391282728270184,50.3291770760461,27.790168419454503,51.29169474304441,23.892645574630702,7.755964073115977,15.85981037345394,0.3777595425212135,9.92749631164795,2.449750642615521,0.4396365473282349,2.5129667162009706,0.8821360390779114,4.178160262248396,2.158468401856493,2.487888686376051,16.55458624544776,15.446221153431727,37.094283862743374,19.02472804014792,22.246637866679862,-1
10.365219999999999,1.67772,98.72905199571616,50.63794841979043,48.25573887142233,44.19359041312487,42.956124330709486,24.774228560384433,28.098739072778407,14.566474783115595,8.724928226279284,0.3100767803455267,0.15117119498313705,0.9257589920740856,2.0587542949630455,4.0838298123001175,0.13117668069705363,6.174110639890276,8.125235365213399,13.334871572982555,36.940576067565196,23.35401064206359,37.74424327873238,28.508627281941582,-1
10.365219999999999,1.67772,0.9257589920740856,2.0587542949630455,4.0838298123001175,0.13117668069705363,6.174110639890276,8.125235365213399,13.334871572982555,36.940576067565196,23.35401064206359,37.74424327873238,28.508627281941582,98.72905199571616,50.63794841979043,48.25573887142233,44.19359041312487,42.956124330709486,24.774228560384433,28.098739072778407,14.566474783115595,8.724928226279284,0.3100767803455267,0.15117119498313705,1
10.37594,1.0579,1.1735597640013873,2.752163443557428,5.4763233649936405,0.8923732988259133,4.890742085992646,1.4809695993339165,0.2919247487906689,14.307685752020332,26.012294466272273,35.423409561241485,27.23008732026175,100.45538071011764,49.57408141165099,47.76395473473341,41.78561533213861,46.41659762669679,24.326680515136875,12.461843008313124,12.617871894246425,6.111590728675039,0.8670546260573379,6.480579063042339,1
10.28256,-2.30596,100.41370263201398,52.53718073999282,49.51361328348385,48.84818882129103,37.60572574359189,25.829752791025676,17.965883208044872,11.75246423660334,4.640410814125254,4.744987935168865,0.14530334991475274,0.1366199302851066,2.0948037281495955,2.7084637041048585,2.070462951394918,2.4507589743299554,4.085047621696191,11.856236193335416,6.8367194164892116,31.228016222693103,30.542601205932954,26.561238236447636,-1
10.36688,-2.16292,101.7061833972317,50.3898929474172,52.15102376718781,46.987997602615636,43.28268490269249,25.98823712715007,23.855907980968816,20.80807033764638,7.174299686350537,7.709585586058087,0.1905625062530784,1.0644457453268883,3.74448614090064,3.6339033694213545,14.151262645652167,0.4444523457316772,11.185863179014868,40.51047512616791,35.25053000785972,46.53976017495143,29.02454150713238,28.294509592894464,-1
6.590439999999999,-0.2868,48.38367427755957,13.892867602980571,22.85198133779911,1.2425793936432645,30.018258533632466,6.701827496561667,6.512710680900812,1.0277727372070509,24.622396438147117,6.607336642022787,6.276419623605576,9.373454006541904,2.655956942638318,8.391991869150646,0.7596872161051508,15.160091843256998,3.9642633780312617,6.51515929078501,15.26674947084468,29.06375588856486,8.092450798772711,0.29508592005871453,-1
10.30976,1.7536200000000002,100.27830862251625,49.62229768391338,49.21016712835529,43.17349575170216,40.520869497160696,24.92804700838489,13.343646636260761,13.718465309895947,7.5192434993431485,0.4618908404861795,7.0554482658948166,0.635336254977533,3.1050669647793665,4.478904828409823,0.6916506235050628,4.615441005788497,3.2139766659434335,0.7714929697335092,15.026636627047653,25.00682806802446,35.77156236669133,28.00741084145802,-1
10.38484,-1.76802,101.83467163368901,51.90184233437409,49.812416159605505,50.222174839247586,39.48938669396628,25.248953009124033,16.309320787422777,15.421279357431834,1.2102526197963706,5.109373046820012,7.692188812450269,0.5809529971755392,2.7229248119364198,3.1142134309547083,2.8535760298665167,1.7861514668600362,2.933398026999611,50.22843114000321,39.42994599041844,32.493406068722564,31.232007953377625,26.938587790357694,-1
10.32412,-2.1379,100.1032390035681,50.55393844749702,50.88947284531662,46.310199375748,44.12699095540637,25.101174446880954,16.75094045214301,24.724624074030253,0.4235294700628557,8.867591636863208,26.277570274954584,1.1890821620505951,4.8215135487032885,3.783920534169277,12.56287139678179,0.5586958000081498,6.021551531279652,59.73469288535231,24.942844893723258,37.4344196708378,27.44240974756428,36.45149898825717,-1
9.05208,-0.8493600000000001,12.447968671035872,7.6484147252283785,4.6921508577732265,16.7476880301289,19.104599670385568,4.3997382820773545,1.9953305546912283,12.241139641848626,0.4380907546083326,17.579270039205568,12.51693659129002,7.89827265676746,7.6555487682392895,2.824544929431966,13.844830969695675,1.8210092430798759,12.742548500403071,16.576452572204463,4.242041787390362,24.538940384089464,22.213088441766168,2.2050738762835027,1
10.30704,-1.722,99.88387673587907,48.48415386094517,51.07416545409511,44.55839960052227,43.96598217609264,25.61493484672756,14.357138483494388,13.557964188280643,2.5729782998352344,8.160449423981243,0.12098728735671788,0.4629546835454761,3.623530869279531,4.078412836290215,5.160141767027687,0.25646251157561534,4.5586571991910425,14.533569647595527,3.425468096917855,37.17498380703322,26.074276620904016,28.649850211503853,-1
9.23758,1.3042,34.21178471294417,26.18681122379381,13.865083803354125,36.54808073566807,2.598961965402475,22.485992826569685,28.44925521946464,9.94208997760691,19.702578635266175,0.46744287191839734,11.715346242504124,4.314150135650589,2.6017736184359026,7.115518237847483,1.1139413346069078,23.856588206947222,11.020942554895685,11.601378980852955,31.06295426109065,1.0791430477922614,37.864983084976735,22.142587300881562,1
9.48002,1.24392,90.96259700539028,47.99662082796874,43.89039372500018,40.62707862513343,34.81452344720475,19.837830962501748,25.115465502853617,8.30694124773592,6.016408531016598,5.4215005680890975,0.6640200243319908,2.752233755193873,0.9508859388256043,2.6838727990121045,7.03451355754559,3.678208681162672,1.1970505852442566,21.825473066786575,13.323513013384694,18.66207985810004,34.43910776611168,23.158325727233898,1
9.95008,-1.96928,5.519300000000001,34.9617,51.673899999999996,25.0998,60.537499999999994,50.722899999999996,34.8658,66.4762,76.2003,97.295,102.9842,90.1287,98.3871,91.1972,95.8539,87.34389999999999,77.7356,42.1862,45.9645,73.56049999999999,21.214100000000002,47.3848,-1
9.27914,-0.8708600000000001,0.15290000000000248,45.6935,56.0364,39.9227,73.6131,68.2218,63.3211,85.7397,88.0369,110.8922,99.074,98.05420000000001,97.26849999999999,91.4966,112.1558,89.72729999999999,92.9225,49.2556,55.2642,75.9378,40.0115,53.9432,-1
8.66286,-1.43584,76.60652619739926,31.51780758429166,38.905003010934415,21.039438248630614,40.79745687283944,17.120931986772078,5.610235688859274,8.251803131931577,1.928012192026584,10.704857444705613,0.7300640290002824,4.369572888602422,1.3798564508567928,2.5711351049477438,4.199507361671351,8.765479997128475,6.661686630016272,12.532303874631777,1.6939473176233533,37.08271424832557,9.949761855353742,20.583380038102217,1
9.529779999999999,1.5172,48.377443257593654,33.759856531544926,22.449254537576742,43.17973195558175,8.587583878852366,20.175355776006487,34.05692150031895,13.094208824527742,25.792675380362677,0.4282624347917494,19.070849060408722,4.65059625676268,3.7489170526503317,8.727340052923495,3.7468430652393008,25.625038156904118,14.736567463667807,17.349038844206312,33.16568676452989,2.3124493050961648,43.54357149941167,28.635136808151184,1
9.4,1.832,0.14350000000000307,47.5144,62.2293,46.4315,70.55850000000001,78.8168,60.0021,95.2534,89.7858,116.2097,93.6369,105.11240000000001,105.1103,94.6075,109.58779999999999,87.475,101.7807,70.1134,61.2144,88.0659,30.5992,67.3188,-1
9.198139999999999,1.29856,1.1232999999999933,43.9676,59.161899999999996,44.3268,74.425,77.6963,84.3832,109.6051,88.1628,107.4559,99.7133,102.3921,105.60929999999999,95.7082,106.6147,92.12989999999999,99.8551,103.6673,82.0774,91.0805,47.6618,74.1471,-1
9.09018,-0.83776,0.8585726513820672,3.043351677285284,9.337363991922896,15.718371376948467,23.403147805337007,7.645667356056026,0.3445247193157595,20.5347963993822,0.4304438586110367,15.77671317904029,10.88789691953269,4.7866879675072305,10.96683227757128,3.8106137367231367,16.05990632855628,0.7725966774098856,8.93603238152636,17.18287155142529,1.841333069004651,25.663112086013864,19.277882030222894,2.6319433550050424,-1
10.20424,-0.9384600000000001,99.1533,105.3879,98.3606,111.3406,92.71170000000001,99.4468,106.5829,84.87129999999999,95.6839,50.2304,77.2327,6.153799999999997,48.9927,60.3705,41.6358,81.5783,78.38130000000001,84.11580000000001,112.38040000000001,91.72749999999999,109.14359999999999,99.8066,1
9.52088,0.7448400000000001,64.64631338564078,34.28716720092833,25.215671328029714,37.20709825655909,12.18639472940784,9.302858566560058,10.312092789555171,6.525100779884604,6.377938254741076,5.054874350620005,0.3957165315006783,2.13645210067889,2.2418956055357406,1.3569242201115221,3.3882251202297313,4.7567998507004745,2.91920292374072,0.2841952649444493,7.209035924795865,0.7240317959795002,33.98093052418954,16.077932524871752,-1
8.98014,0.73838,70.15071358007991,35.90828619173518,27.555104795003494,38.7228944974065,14.699766511429686,11.666418180845385,10.20426127491304,4.332427415962173,4.769434358660743,6.463677984272672,0.20507348531313158,3.255212143697838,2.1636951246361704,1.477442904390641,4.186773381924702,2.5544870798561727,4.779765734620609,0.2394765945151449,5.787598218973027,0.0008737794617971576,33.638298675000975,16.040903205474116,-1
9.940940000000001,3.66062,91.17724374648364,41.24635772707091,46.44928297230631,28.00639280089047,46.14450371855783,22.147348970795896,6.235134621041615,12.999220486566509,2.5779433377882217,4.791243846730629,0.16929846171855162,4.651343148723799,1.5845651864673382,3.874374148045214,1.279186025745764,5.07910809558018,2.497942465391619,1.2004125705024309,3.078017052854291,29.18445957735555,20.110520893149815,22.748942871226937,-1
10.27658,0.61674,0.79702930325155,0.8891815847245442,2.652597570766792,0.9750976997357275,3.719737762600971,0.6349662277673244,0.6318891655663846,15.50422760594079,23.292307073142805,34.90842499157084,25.331573452296617,98.25537610357486,48.32265181844911,46.96428384173221,42.712070812256236,44.68587346701005,23.611130847276947,11.51922569568805,12.870482710606085,4.30552496992948,0.38020008411541356,0.8668839127003184,1
10.33316,2.71858,101.74881150278027,51.55226571772847,50.59537965624046,41.845489204923254,49.169517299566564,25.916997612275377,13.815403852486911,15.316942133611365,8.324278782588646,0.14868536770574062,7.027557187595377,1.082114424896978,3.642844580610953,3.7779194533277107,5.0170634502890685,5.067592757227087,6.542239198215838,31.7310745234214,39.39414759590182,29.21555742598578,35.76156040000721,29.574297593697136,-1
10.3848,-1.42066,1.7486999999999995,39.2548,57.294399999999996,32.0514,76.82339999999999,68.219,74.03399999999999,90.655,78.816,102.1814,92.6445,95.2798,100.227,95.61670000000001,104.006,89.5113,85.9143,96.0369,80.1252,88.4865,44.7689,72.7257,-1
10.3848,-1.42066,95.2798,100.227,95.61670000000001,104.006,89.5113,85.9143,96.0369,80.1252,88.4865,44.7689,72.7257,1.7486999999999995,39.2548,57.294399999999996,32.0514,76.82339999999999,68.219,74.03399999999999,90.655,78.816,102.1814,92.6445,1
10.107980000000001,-1.95752,94.59010223825541,49.47943987875343,44.420590122098545,51.742233205544395,31.680327093326664,23.554810610172392,33.52721318557219,33.06404988091224,0.4036336044440805,0.7776703617189674,14.583244810958389,1.6976033813702436,1.0244648164449985,0.977151815931647,7.9405547984074065,3.022801604479138,5.192541642915965,20.980599449545032,40.48685968767415,34.96277707319005,31.43672259283968,46.57484311529412,-1
10.20128,-2.75378,100.1060824132811,50.652281062469626,50.48152041583285,45.82298773964523,42.46603332355834,24.990845819473172,14.84450110485902,22.533053071520076,0.10627683949827255,8.757755370370715,7.2398311439175504,1.174686266564803,4.323312975616485,4.262580657038469,4.992873994161318,1.5229157313113164,5.799866670876507,21.646265024451434,31.239371842941495,37.17756519720329,25.554058040142976,37.67305161634053,-1
10.20128,-2.75378,1.174686266564803,4.323312975616485,4.262580657038469,4.992873994161318,1.5229157313113164,5.799866670876507,21.646265024451434,31.239371842941495,37.17756519720329,25.554058040142976,37.67305161634053,100.1060824132811,50.652281062469626,50.48152041583285,45.82298773964523,42.46603332355834,24.990845819473172,14.84450110485902,22.533053071520076,0.10627683949827255,8.757755370370715,7.2398311439175504,1
10.23014,-1.6877,1.6033000000000044,37.4555,52.9375,26.4801,74.93039999999999,66.4639,73.43730000000001,89.3099,76.8859,100.1132,89.36670000000001,95.7835,99.1138,93.53190000000001,103.0007,79.7669,88.41730000000001,89.9671,81.8994,87.3733,44.754599999999996,71.2151,1
10.53496,-1.15452,3.1274000000000015,39.1687,54.8613,28.004399999999997,76.4649,68.4445,75.6287,90.8347,78.5278,101.5718,91.0524,97.88489999999999,100.7601,95.0578,104.52369999999999,81.5757,89.9747,91.7655,83.8614,88.89779999999999,46.2787,73.2002,-1
9.72822,-0.97234,16.165893396064078,10.449527634079116,2.025139288813207,20.921714731880396,15.740839035717793,1.7148125758272081,1.9846562890126298,9.801129142884482,1.9892508240902624,17.592408543300277,9.708027568113595,5.859230894874919,6.4231411414303645,2.5060200383339892,12.553487365482829,0.5827930478085561,10.657188017439045,12.350193793688439,1.540652113112302,22.52550794027907,22.97985647029186,1.0535416076986228,1
10.33488,-1.42092,0.7424999999999997,39.660799999999995,58.597899999999996,36.5586,78.2274,79.9855,87.3303,92.10589999999999,92.31049999999999,102.0706,94.4404,99.2996,100.406,98.4334,106.5515,97.93870000000001,95.97630000000001,98.13759999999999,93.3383,94.27009999999999,64.35629999999999,74.764,1
9.4,1.832,0.9705000000000013,49.86,62.3433,48.6573,72.5164,83.1862,83.8712,97.07650000000001,90.2565,115.5282,89.87049999999999,104.8731,101.7983,97.5407,111.964,92.3242,102.4339,102.4784,72.4333,95.0005,51.0503,70.6694,-1
9.04168,-1.1140599999999998,22.786497302779114,0.9729269401627503,14.027350693991496,11.461161992536084,24.293590967364747,1.3436183496835472,6.504964885207572,9.589877815066096,5.380734941935237,10.613861494526095,0.09198816897886168,2.3116097073474493,4.008118264252505,0.9372503359992156,9.742280425057059,5.962330868182194,3.3917173243279404,12.554682015757756,2.4002302164874543,28.25399383761356,15.866610944047993,6.682161501275374,-1
10.08462,-0.8473599999999999,10.967476702778477,3.479906377940158,8.961028282122477,16.62020873344538,22.93277545063379,0.6218692498726188,6.161063605874283,6.934125521150587,6.959940979429656,8.861223166870456,0.5687865969998808,1.7034544154950986,1.337305233725317,1.1380880288780688,9.081542710375908,2.5285775869843903,2.0105404594285656,11.753727270183948,3.487137505627249,25.196926508599958,19.223185152295812,3.7105748346654064,1
10.26718,2.22664,100.71893631488585,50.93283173342816,48.50083110577652,43.365141090634346,47.27545620937256,31.21036817280066,30.215304204506243,34.48907101520684,8.964596823439487,0.8244324325016734,19.560052940131204,1.0567265719624637,3.6656192041258406,4.2035374133522065,1.5719207364505154,5.421605556051063,10.625699081657556,57.543555192569,39.84303152731419,25.811837644404573,35.94247419168302,46.46989755577526,-1
9.21524,0.68342,22.050927655282077,5.045166763862906,17.033109198936668,9.468341810647573,26.01624037626196,15.634488361304253,1.6890511048603989,23.406715110492733,11.348054662837674,0.25803531417375447,9.5966712035252,3.1111550963554744,2.3963417528617956,3.629553944133738,1.922699771051997,8.021856643282332,10.310495826007745,17.060806836508515,1.5764214851729448,29.51148385345058,17.240840105739057,16.85241996097771,1
10.38942,-1.76892,100.8999318475413,51.33384606946499,49.014438125290766,52.29206559626069,38.15156814359079,26.14740792763518,16.46439804061644,11.788660837678892,7.783982235822754,5.205780326153617,0.9411344040282824,0.23573310208561266,2.365178627146087,2.6136629453963716,1.84716131995042,2.7543165647944203,3.6038497858240293,12.108271726809296,18.325619514025455,30.8249049155129,31.7958390591881,27.098523142905695,-1
10.38192,1.4403000000000001,101.03023412388562,49.97287233363677,49.517229082996096,41.29492730865335,44.530667193287314,25.34161854580472,13.063996778065908,14.5544906128082,6.622114476002146,3.2274427291965844,0.3508518835548991,2.0341599109735022,0.7409837670015467,4.937942181676287,0.14878367113316515,4.010961344783243,1.5517162682532253,9.639742119602149,31.70364711020034,26.773635906672,34.715194527391105,26.255005503866954,1
9.60276,-4.57988,95.62971205348317,48.009699889763645,44.41054850135326,43.73092372592566,33.032400868625295,24.08645803355765,11.203461159835562,12.294885318269516,2.5173579061697464,2.3845997883170122,4.3097021594570295,4.595645787244003,1.317409210753832,0.1894918679643754,0.6358584981023038,1.8758333034200112,5.345987850875622,7.062218181207577,7.8559670746033445,28.54553737722639,27.028534996155802,27.324636049827436,-1
10.05902,-1.71372,1.9532000000000025,39.456999999999994,52.200199999999995,25.4408,73.67779999999999,66.6126,73.014,89.4606,90.201,97.6742,86.7849,93.9778,98.5943,93.42609999999999,101.7413,88.9496,89.0492,93.9853,74.12819999999999,87.1844,45.2591,71.34819999999999,-1
10.430119999999999,-1.6496600000000001,0.3399000000000001,39.7399,53.9785,29.2506,73.58099999999999,67.8261,71.85379999999999,88.1158,92.31729999999999,103.01820000000001,89.507,96.6167,100.8125,94.7483,99.1543,79.831,88.78139999999999,66.831,62.065599999999996,89.0385,35.68639999999999,64.43,-1
10.15956,1.34588,5.926400000000001,51.5737,62.7034,51.8497,80.7355,88.4967,87.47579999999999,111.2536,95.5813,107.5831,102.91239999999999,104.8292,104.65809999999999,101.70840000000001,106.4705,97.2541,102.6309,99.8375,92.59360000000001,102.3887,59.3203,82.8107,1
9.51084,0.39571999999999996,13.359742452014842,2.2114408383150703,9.305701356701187,15.783879465972342,20.851597305095392,0.39910252662659096,14.48956818575472,1.7564217611903568,11.674370745997097,0.12999940283621242,8.708308400988793,4.714238576387708,0.5213478488771925,9.943068764489889,4.363733586035316,18.221000976106353,7.224090506102925,4.423141338253217,10.64326730686283,24.639560145776812,21.605319346407455,1.8154589808322026,-1
10.43938,-1.42822,4.185299999999998,40.1258,56.2567,31.1287,76.6823,68.3606,67.0036,91.0325,79.448,101.3175,92.875,95.9992,100.9482,96.2663,104.15729999999999,85.8663,91.0157,96.63409999999999,87.8054,88.807,48.0854,73.4089,1
9.19666,-1.59216,2.64168806575287,5.779201834282779,0.9687107811604339,7.429940850103219,6.757818442478285,7.48794794863093,13.498023205505618,0.9825322287682905,37.49277786307438,7.4595219630808876,26.058265158045064,87.80585866176631,38.42172895497467,41.860688302115214,27.36389512148941,40.77683742592703,20.256060218964173,4.834731462216085,12.738085765227227,5.194215191167006,6.899289149342263,0.36982409946850714,1
10.33648,1.6980799999999998,97.02153142478387,49.92947678258121,45.621457449931185,45.47295678098241,37.60991874766632,23.420450547430544,13.893336186907703,12.154054407186562,8.891492840246874,0.05195963888826588,0.3477423169074374,0.8324015999870399,4.059038560955942,5.365086259743212,1.2311379762507426,6.681296284043675,1.56925828868801,2.3874603141102115,16.235265695974373,22.40571592470621,37.56218539444703,28.00263462650536,-1
10.4481,1.09796,0.44178593007846717,3.0877299239169953,2.964625725811048,0.47438642531318836,3.293079391988056,4.651847823550223,14.844468534575302,22.9940031689759,30.803052868017023,32.92869962911554,27.029918682116048,101.65772672972591,50.68634689078785,52.369085595737076,41.638884815163436,47.747744165388596,26.230027560383153,32.34638317075075,36.28801901493685,5.097024415364902,2.8140301211594005,0.45072121509941326,1
8.80002,0.94824,5.971089821250748,6.79369576967315,5.021214159249118,19.036171984058672,17.57005489253733,2.4264292617911845,10.211576629782677,4.689301045647384,15.856225355429784,9.830642576409614,0.17979710240839036,3.1710030393448863,0.776123262846968,2.0952851379611843,0.7837407767830838,6.140303728413264,1.0134335481857262,0.5588950569060831,5.947456314309878,20.11670544848432,23.093874373014266,3.2849895503070217,-1
10.36946,-1.67838,0.548099999999998,39.363699999999994,53.3377,26.6544,74.4169,67.0022,56.0904,76.9811,91.8736,99.5363,84.69659999999999,96.3012,100.4853,94.6859,98.8608,89.453,73.45089999999999,54.5637,78.8629,83.3873,46.6479,65.5209,1
10.51802,-1.19096,0.19470000000000454,40.5639,54.2984,27.633499999999998,75.263,67.8559,57.6249,78.024,92.79920000000001,100.3637,85.71870000000001,97.6284,101.2559,95.4999,99.80619999999999,91.2736,74.55189999999999,55.4232,80.00319999999999,84.926,47.4919,66.6597,-1
10.308119999999999,-2.23798,101.65487354506793,49.43137709070257,50.39570558570503,47.05226907937701,41.65844734885372,24.820705985301235,27.111636782217232,14.082484938227802,0.04897083197449954,8.484959279017955,7.139610019141745,0.976691206510621,4.562726104044369,2.575878324308426,5.915378953284924,0.590259428146346,5.982680017262799,44.89435225981553,32.65395451972422,44.06014933043733,26.214858577822593,29.432429449978084,-1
10.26008,-2.2099,101.32035439655434,49.29318992571542,49.92525794079864,47.63482506546213,40.90635479571982,25.06078365029712,15.750937905027055,12.429800706613237,0.10653129096575417,4.999137488218878,6.714894138170309,0.4574554074585737,3.391907336246774,3.5377528222529744,3.8995599688762113,0.23474544803592443,2.013644887705364,14.553708493716242,9.220672939218055,33.289058316749816,28.2828044798688,27.469206788966538,-1
10.28886,0.21432,95.55473080054122,49.99412383534278,45.341227760980054,53.02786672821773,32.72666448285763,26.234660268257223,18.439133433397338,10.94289513440803,5.131316281833697,0.6766715672186626,8.198659970886776,1.8750307212370882,2.2720491930140874,4.515722927042775,1.1774059829418286,4.923144176952981,3.4790573866978156,9.98184163238327,12.601898973290973,22.55798446398869,37.239998178520224,25.476556252572486,1
9.4,1.832,0.6060999999999979,47.6021,57.8136,47.7922,74.164,84.6762,87.781,100.2926,82.2481,124.6647,102.5556,104.8839,103.2655,95.2081,121.55199999999999,92.2221,97.21549999999999,70.3656,68.1017,99.95830000000001,48.0877,71.8334,-1
9.51112,-1.4275,74.8432043596302,28.476444280726657,37.964133806189864,20.460779984014955,41.261148924682274,14.9108225714954,5.4933946828432205,12.312324418189489,5.285893031789872,8.926878007342976,0.6852659639407782,2.2286300345461374,4.476734107043532,2.186191063379852,6.760313426110868,4.3784140567996666,1.6340961888934211,42.66665844121447,13.879811866403376,38.076615478475084,7.1162339540377,19.13471602710042,1
10.404399999999999,1.6841000000000002,100.97736019003305,49.754451891486255,49.469065389211345,42.38234654667531,42.65330359317719,25.944930753834473,13.671229686910827,13.291618451581218,7.521854898355125,2.5809440035555897,0.0665848774368186,1.030216265235544,3.7202782935509093,4.098572725931079,0.20528777959062294,4.955508927282206,4.651438876906372,0.6067921170629132,14.71565429314744,28.182441838381415,35.701003485869315,27.531987994588267,-1
10.14736,-2.3338799999999997,46.316541844045474,28.442191826889434,17.464024923778837,35.20190592183269,1.542811529440363,11.33491489901303,6.792743109983822,3.148094348653843,9.553714089267762,8.573502641424685,1.5840081342877392,3.21783417822951,7.877563024752059,3.231670817280629,11.748532224284865,3.1727916574946455,0.8402750967050677,7.520566437124627,0.9764083028132317,6.833935569266044,27.613021655073553,6.044165395225748,-1
10.47786,1.3264,6.380499999999998,54.5435,67.7659,51.498,78.6625,87.85470000000001,92.5278,102.1123,96.9914,119.4144,111.7163,109.66300000000001,109.86009999999999,102.58510000000001,114.0308,97.9486,108.8587,116.3249,72.6561,100.9933,55.8064,79.84479999999999,1
10.37942,-1.7363199999999999,100.47670810523766,47.94893227944931,53.39727000361599,44.75285602044279,45.09377013146727,35.81202092472068,23.69797830092721,26.324118634110782,0.08572097417984494,8.389119313911145,13.58568754505278,0.9548004429756182,4.414029932522354,3.6725920924838964,10.493197720848553,1.2786554338537783,12.702474421476216,33.03702646725946,33.80492410666237,43.33499071918879,24.784071391998616,36.560389947799315,-1
10.37942,-1.7363199999999999,0.9548004429756182,4.414029932522354,3.6725920924838964,10.493197720848553,1.2786554338537783,12.702474421476216,33.03702646725946,33.80492410666237,43.33499071918879,24.784071391998616,36.560389947799315,100.47670810523766,47.94893227944931,53.39727000361599,44.75285602044279,45.09377013146727,35.81202092472068,23.69797830092721,26.324118634110782,0.08572097417984494,8.389119313911145,13.58568754505278,1
9.16706,1.37172,25.29718912650844,19.57769269315666,7.009128458829414,29.139126401603374,4.928735133821357,5.5053794085562995,9.096398595849085,2.891674586732066,14.503881587248364,9.320603127033815,0.31526977081084606,2.6809662479330076,1.6089800833706476,6.439462975140417,11.345041300816412,11.19320896811741,3.958255608456915,10.732400630408666,14.149631191558868,12.497285219426177,33.17519624885491,11.321350672625947,-1
9.6053,-2.05768,90.57110653035616,43.865985398164014,49.650198994711715,32.31230033715947,48.13972090936185,28.46979187880903,37.68051628926211,40.123925922563714,12.110951847775349,26.341129293692596,18.242255870698,0.2631204127428686,8.838190628767391,5.740320206958953,18.850654570705082,1.175444664618633,14.296034316412642,49.61187082821849,37.936100361737736,53.87342149980804,33.546882480773775,46.59864078323569,1
10.56764,-1.21804,5.414500000000004,46.9586,60.4966,40.9945,82.1622,84.1935,90.1045,95.2933,94.7004,104.608,98.6524,102.1086,104.5857,99.5624,110.13390000000001,101.8131,103.849,103.8389,87.74119999999999,97.4916,71.4527,79.9215,-1
9.0251,0.76764,45.293173658635446,24.073738426085008,13.189135010622106,33.36842423048669,0.8856362819804322,11.946339228535756,0.8115946399528526,1.8346425628681011,51.24452818486089,9.503192946037093,5.849607392784686,1.2400863795815382,0.8044294188519359,2.9570201947695254,9.1251101120945,21.525994709718443,1.1750407059901076,4.46823388344267,13.264491596509055,9.52395004850193,50.80114415075878,10.41748997001274,-1
9.99056,1.2539799999999999,70.50735697059027,27.814709528237838,37.89925582779205,12.37366202144183,39.67928799391508,8.44446776043334,0.5113411710679011,5.712446140748962,4.971979320020487,0.33702801714265795,0.8077010747928324,5.418194964138329,3.8530115404215612,6.662626549719021,1.8905000435212909,9.993904238856487,7.585836153940288,3.0699572359363265,10.536863374002497,25.43152937576528,0.7810603769015667,11.867424448702648,-1
9.87904,1.40522,33.01814895261484,24.229880443115892,9.42156820484322,33.40664114965881,2.293968513769893,10.630581480007978,11.029834677017618,1.2134836842514438,22.230779985559163,0.4539133646959155,6.258199721907691,1.6460776131954251,2.9713408871909848,7.425135417231268,1.5161474819016152,11.70931069621151,4.470789801717669,1.0389474659658948,13.100519166220934,7.531076339672538,30.534853836912042,12.49022774076255,-1
10.34444,2.0786000000000002,100.28641790607115,50.39349896055901,48.38078441905527,43.1572843168881,44.58318769114663,24.455100426097957,14.211120091937277,13.683524624958139,16.09489574846714,0.0746278612585992,8.592722061438463,1.4716948418318199,3.8200617150814056,4.901601590817311,0.6392516959252422,6.690374346525121,5.6752399003308165,0.8707805362995655,15.733264694629606,26.102703850343183,38.7908646008036,27.983474554512096,-1
10.31134,2.12348,101.12597333182768,51.02637846402355,49.22575189020198,42.37233976811743,47.34032257087119,25.35561168759019,13.108104114676436,13.874618170502709,20.782039528525534,0.014719852499065544,14.201331359217793,1.0123544115106335,3.468561239447407,4.126096213074668,0.12172578561287391,5.371644246897522,5.42967605588241,0.6330963827258549,15.284468072967993,26.747486825515487,35.45246395398339,28.123903805613203,-1
9.4513,0.45044000000000006,1.889799999999994,39.0279,53.190000000000005,31.393900000000002,73.3555,66.43350000000001,75.2938,87.536,79.6017,94.24170000000001,85.5882,96.8602,96.7,91.9363,99.5502,87.9131,89.0292,92.8887,83.1839,87.0093,44.1377,72.5599,-1
9.21798,-3.0726,97.00049391730697,46.18740349320898,47.94001422068024,41.25310445938016,38.34679127378006,24.261502314774535,13.084320461616173,11.521719622271915,0.7509669415653838,5.169915911936906,1.6667168517224176,3.6740824808780737,1.8010644578055657,0.08837298656199187,1.749315192034557,3.0980608547125685,1.9018244713139794,4.4709714899629205,2.955267288446095,35.063275886851365,22.874198313589233,28.329701525538994,-1
10.23694,-1.34,1.5546000000000006,43.2621,55.9295,32.833299999999994,75.1707,71.4222,76.973,92.5235,79.73349999999999,98.3138,91.4916,97.91480000000001,99.1746,89.67509999999999,103.6786,91.5549,92.18279999999999,96.1056,84.1702,91.6354,46.5597,75.331,1
10.371559999999999,1.4147,2.328099999999999,54.6675,64.83409999999999,51.6031,83.2952,83.852,91.7361,100.958,96.1578,118.2457,113.1782,109.61420000000001,106.0464,102.113,115.3634,97.9474,106.5573,112.081,87.3374,97.33449999999999,54.8224,78.539,-1
10.23872,1.19548,92.77708184855736,47.13714866280804,42.83762432351586,43.83195223309023,30.460567174575154,15.42780360684875,14.140828851104002,1.989536956054215,7.061788692354204,0.6815175161147375,3.128852638805325,0.7472929235211048,0.15586383944738105,4.068287695728672,1.4287759792628145,5.514200197588289,2.9515136054139433,5.460297533918015,8.502704384933677,10.409367638197349,34.18919461683709,22.5392840156734,-1
10.23872,1.19548,0.7472929235211048,0.15586383944738105,4.068287695728672,1.4287759792628145,5.514200197588289,2.9515136054139433,5.460297533918015,8.502704384933677,10.409367638197349,34.18919461683709,22.5392840156734,92.77708184855736,47.13714866280804,42.83762432351586,43.83195223309023,30.460567174575154,15.42780360684875,14.140828851104002,1.989536956054215,7.061788692354204,0.6815175161147375,3.128852638805325,1
9.868559999999999,-3.4942,90.31921820892504,46.37181165624846,41.7857238745433,46.880681510015364,30.308386966027662,22.671352614799375,14.137667909353219,6.559349019979866,5.591250914239894,1.0650742358576413,0.5876626153895673,4.344639515814547,3.7948989821056416,1.234550669810916,4.897627558151806,1.432806886807929,0.1080036859219075,4.74547588133265,7.447339990455319,21.149218715856044,31.511404958101355,22.35709919369672,-1
10.48522,1.01836,106.09649999999999,108.5655,102.708,108.3723,97.4678,106.8611,105.2147,94.2896,104.67519999999999,57.4494,81.449,5.909100000000002,53.3885,65.2824,51.1537,84.4094,92.35329999999999,90.6808,116.59,95.40379999999999,111.28399999999999,104.51570000000001,1
10.38878,1.6939800000000003,101.1178939484451,50.1549240802145,49.38831113925696,43.49826169693035,44.05463099767424,25.394480523434765,13.262739210251947,24.32723653061551,7.91322418524704,2.331134631911912,0.20686757093131558,0.6643687563297704,1.4940941483735264,4.090437300862119,0.7227590077715231,4.740515011694043,4.4701955284120185,27.706997707969247,45.973014993088455,26.410077190563417,37.00851114877313,33.732526720784556,-1
10.34642,-1.72118,98.34047064367562,46.37348275780572,49.60360910606733,39.815189175298315,43.68048704037204,24.323720214651054,31.21748307685461,29.44396746204531,0.002756990891969748,8.98803067070223,6.929646920068326,0.9329258365509175,4.776374835101925,3.3559669815790274,5.908612401187933,0.3200619063201565,5.1409147148454615,33.31656265373462,6.766072606865883,44.05406488948136,22.36231600437358,33.02003743720072,-1
10.1539,2.2396000000000003,98.42142787979489,49.51447281364779,46.704309032367895,43.536561121314236,43.06486717264051,34.767045125167826,43.34424446255227,31.225103643212517,23.297080177347873,0.32183132217261856,21.198582514687228,0.9896355955872795,3.7787160148143752,5.471180738202267,0.5344859069937494,15.744824795056358,11.856211770315848,39.282350609098394,59.672679553550566,36.89025741878255,44.641665147904,43.61031213076976,-1
10.403360000000001,-1.6607600000000002,0.8453999999999979,38.348,53.9512,27.416500000000006,74.9363,68.0975,75.337,90.4903,91.65090000000001,102.1087,89.4377,96.5166,99.8409,94.28020000000001,103.92060000000001,82.9067,92.34,76.367,65.4962,88.328,46.679500000000004,73.8176,-1
10.189960000000001,3.77234,86.97641173327574,39.38379827907614,45.000220415243135,23.399187497701266,45.208022955695405,21.808281331450083,5.131276632715567,13.14772656943321,3.951517246035295,5.747199821116217,0.5035746351805878,4.781304339875351,1.266427234321532,4.57909148910986,0.1336506020042916,5.956330943831825,1.1835268606357832,4.212736971295096,2.7115345103983475,29.996072576439545,16.97841521957024,21.02898210491989,-1
10.49198,-1.2661,103.70589999999999,102.0486,100.3732,108.4211,101.8443,98.4787,101.48589999999999,87.17859999999999,95.83879999999999,66.258,77.4373,2.287300000000002,41.516999999999996,59.0903,37.7326,79.21340000000001,82.6875,90.5592,95.17079999999999,94.31729999999999,103.82149999999999,97.0252,1
10.35572,-1.67762,101.4827779757694,51.78012377681636,51.51777085077294,44.97540040802837,43.81602134683682,26.40758743692012,14.75728176001507,13.86012829059617,3.737570100556144,5.952110768968017,0.7971370900004331,0.7328895583723518,4.645705933648949,3.199373980663616,4.710932505386061,1.2533384752376142,1.9151947577156152,13.959430284667405,3.205683765572707,35.433198900623914,29.559955808552818,27.694722278213728,-1
10.40306,-1.67976,65.85479247654906,39.235228775053514,28.521244418064757,48.50037623007012,14.918958945545006,18.992988627996038,30.828555131566482,8.888861107349493,2.696435550971221,5.706683086194505,15.828003856267536,0.5503978080366879,3.5995108040624144,5.16910232827313,6.627234676408172,7.556623376166537,7.220345830617797,0.2610233240251554,24.968283563951037,4.061265995792538,35.19244961080833,14.290298612952885,-1
8.72246,-0.05352,2.3168000000000006,41.629799999999996,52.9939,34.7188,73.5213,76.5156,78.9539,92.5029,84.78909999999999,98.7364,90.7649,91.98949999999999,94.58529999999999,85.6762,99.22200000000001,85.08009999999999,89.2799,89.4786,65.97659999999999,87.5824,41.460699999999996,68.2278,-1
9.446259999999999,0.9118999999999999,1.3021999999999991,45.2459,56.608999999999995,37.9769,77.1852,79.6973,82.39840000000001,95.9682,88.36349999999999,101.2674,93.2599,96.9402,98.0959,89.2066,102.6565,88.1488,92.451,93.0564,69.7855,91.197,44.927099999999996,71.8457,-1
10.27794,2.03022,99.14923909609148,51.4614151473613,48.991934612824764,45.58200357658035,41.220038637137186,26.12304061619203,14.78539165422081,15.432822229708675,9.789094130254036,2.373038421915998,0.06127121844675653,1.3563580356906724,4.1363587303081975,4.616111680607918,3.2996535664551576,6.6783098837674535,4.470677994923601,1.3110015937240962,16.49055824863901,25.356351886194545,38.89235393392551,28.030135481106896,-1
10.2914,-2.1717400000000002,101.3394095143701,49.24212132256878,50.338588369031214,42.65143686539479,40.7516219711891,25.26132397031087,15.970854986938424,13.015872833367315,2.700661313791848,7.757561866643036,0.26345424120345445,0.8296118165641014,3.815440241254482,3.342924991385474,4.036831122042846,1.158419573726023,5.577509538940178,14.892200724189035,3.2035645219654776,35.40824846251802,28.947072176212153,28.24984300815164,-1
10.36944,1.68242,99.97159816265834,50.4897669904673,48.78667840166012,43.421057471371185,43.66220117087841,25.15425336634951,14.037268633213571,15.12453232942831,8.572062276896503,2.1812923414290566,0.22299254456402065,0.9475744572213248,2.521455644245029,4.171373340105331,1.3869231098322259,5.222039082818755,3.160470376306593,1.5904661123135742,15.819277256725826,23.256090985639464,37.13276888471153,27.97269938870563,-1
10.36944,1.68242,0.9475744572213248,2.521455644245029,4.171373340105331,1.3869231098322259,5.222039082818755,3.160470376306593,1.5904661123135742,15.819277256725826,23.256090985639464,37.13276888471153,27.97269938870563,99.97159816265834,50.4897669904673,48.78667840166012,43.421057471371185,43.66220117087841,25.15425336634951,14.037268633213571,15.12453232942831,8.572062276896503,2.1812923414290566,0.22299254456402065,1
9.4,1.832,4.8851999999999975,45.7426,57.984,49.3977,72.7756,85.8193,86.96770000000001,93.7452,83.4909,124.3765,102.251,104.5784,103.549,94.51689999999999,122.1036,92.76480000000001,96.6565,106.6217,68.3036,93.1897,48.266799999999996,61.751999999999995,-1
10.0976,0.67742,1.513247655565492,0.30127592788372703,1.7640287898031703,0.5438863285880744,3.7192761646805685,0.32011161040002223,2.50276873224051,12.59905761189185,24.221390398378627,35.49694044038508,24.977957139675127,96.56453391973503,49.1739603090644,43.96774888283502,43.162692227609924,37.921843463467646,22.013364405994356,11.342012307209155,12.670550795883633,5.512709883106051,1.4517717347125667,1.190931097396197,1
9.790040000000001,1.2184,4.050000000000004,47.1,61.5257,44.610600000000005,77.26310000000001,83.2105,80.57050000000001,97.6482,93.18100000000001,101.8241,97.497,102.7232,103.9317,99.6919,104.12129999999999,95.8938,98.84540000000001,109.2698,83.73490000000001,97.22900000000001,58.678000000000004,79.3969,-1
10.34074,1.19428,106.0364,106.4644,102.4581,106.0628,98.4753,101.5989,112.26259999999999,86.3894,99.8846,61.2583,81.7107,6.8035,49.8535,64.2792,47.36409999999999,80.0166,85.63589999999999,83.4812,100.3103,96.1568,104.5748,100.0951,1
9.60862,-0.89216,27.279379462407856,12.691742044388928,2.302726295829799,22.849479048581774,11.836425351664547,2.9595865496788702,6.415811387930148,12.116936616732811,0.6899158419665473,18.001280382797965,9.384220157213608,6.991947864354212,8.937532141443446,5.783748352070316,18.81989589740322,1.384179692273016,6.664207379012724,17.375723862186664,9.086755602232255,19.809518595746642,23.69168959892488,1.648530877614542,1
10.4542,-1.37746,3.8935999999999993,40.3257,54.2426,28.8088,77.10810000000001,69.4499,36.390600000000006,91.6934,93.3883,101.5608,90.5955,95.6683,100.0615,95.166,104.64189999999999,92.2809,93.8873,67.4214,66.2663,89.8188,32.6164,62.5165,1
10.24776,-2.57468,57.159640941522504,33.5359384238827,22.906701419092357,42.21558948084115,7.160961275183484,13.749025277384842,11.47322108021637,1.9095438497312334,0.9643585688478642,8.293471418773972,0.29851968679969576,4.36035716663766,7.323154055188662,2.8192217930524017,10.638191746107154,3.1587457035599793,1.249581161878339,3.086996840433431,4.031183873499437,1.9105471726871786,29.61673004790809,9.526263301771063,-1
10.1871,2.51092,100.70498539814528,50.50709255514381,51.03504404830009,41.88011771274588,46.678298504038125,25.00077378032701,13.209127801131908,14.663113228509122,7.570414855986459,0.1977995569044689,7.040383300961354,0.37817663540054974,3.2043893670166255,3.3866429289662294,0.5589499450570234,4.481594960545243,5.6543413326195875,3.462097379259004,14.903017245554791,27.168522931511017,34.473842834716336,27.87659511866967,1
10.29338,2.24126,100.60493455473973,50.51598527933287,49.34624785364421,56.770716228882755,48.64494691597455,30.127340424962828,44.960657082798974,29.298728829882485,16.97466718216959,0.01216290636525586,27.48974490636935,0.9337320215484599,3.505203865958077,4.586620747429022,2.2040526948255335,10.29804521860795,5.48947182172459,44.740312865614015,47.9416573962866,28.29471049480491,36.845864689081196,42.32813867457607,-1
10.44778,-2.0118400000000003,102.36209507074089,50.49044286669749,49.17813313977185,44.55364241646983,40.653535039738834,24.14598544747811,3.5688035022499567,13.571506313373824,0.574310517711282,6.110436249808547,7.409786541579158,1.0787057338221617,3.1124589052930673,3.478547721365392,4.145842808998601,1.0054132594395948,2.0953283575630284,11.979196257073134,2.2793760462082044,31.250750701644737,25.33871059529975,27.66778840758198,-1
10.28162,-2.3118,101.41715001168303,50.374303530036116,50.37643350182801,43.916389624880914,43.05967945825352,25.610532983978388,14.674022675718557,18.826068516367307,5.857241143938726,7.234574879869952,0.4449888966932821,0.6460173185027341,4.520210924850559,0.507432207088348,4.533119655125924,4.533976465855017,2.410447596898878,25.984704176305723,20.32051528739921,35.508635389697396,28.076273327805627,27.08490602561102,-1
10.30684,1.61158,1.4329000000000036,52.33,63.1396,48.405899999999995,76.2531,81.1528,91.21809999999999,95.54939999999999,92.47659999999999,116.6171,112.7744,109.81700000000001,112.8168,103.0427,113.1234,90.1862,111.9778,90.7137,67.3726,95.6171,50.79729999999999,79.0275,-1
10.50468,1.08874,110.8062,113.8126,104.0616,114.1113,91.243,112.96600000000001,92.52799999999999,68.4984,96.60640000000001,51.8146,79.9745,0.44369999999999976,53.319300000000005,64.1288,49.3951,77.2423,82.7277,92.2822,96.5805,94.2364,118.2783,113.5742,1
10.415000000000001,1.76444,101.77991332385152,50.42207405751358,48.98693042627533,41.679991883704005,48.270187188686876,25.192932416050454,21.382370314279665,32.83948263549074,6.595589855894502,0.6118886084015511,9.195108662780383,1.1042048668580537,3.736671140466306,4.624018646780243,1.949967034554865,3.998998199114779,3.451080379356115,40.5867976993348,29.461555500310123,36.63776762594796,33.59546775822824,27.953092879455745,-1
9.55022,1.26218,79.39773907673055,40.333370311005055,33.083566775784966,40.44257821946021,24.669298189379145,17.289931267748234,10.928532113493125,5.885117611148007,7.3308229783182535,5.704366218411937,0.04730800710610465,2.1921993882176873,3.908977926508458,2.0877048677312406,6.228871161208968,5.362022150668189,4.217567676604639,12.868464686268684,17.86575256527797,10.542785723027952,35.86222659854177,20.414762619271404,1
9.07018,-1.14878,3.6422999999999988,32.7204,49.237700000000004,24.366200000000003,70.0304,60.581900000000005,65.72540000000001,83.85159999999999,78.1625,96.6891,79.7964,91.3052,91.80250000000001,86.4744,88.6399,79.9186,83.63130000000001,89.781,76.4445,81.39770000000001,38.94540000000001,66.322,-1
10.3743,-2.9078600000000003,68.47962147913212,37.658736368473654,28.402967262905566,45.23862600321096,12.641696845968157,16.548622755029694,11.919304815555428,0.21873290890899727,7.9868904755899575,7.813332780628925,0.6973799406742477,4.885019188872742,7.327893914358843,0.5394721257393689,9.939102335782097,6.331956041141908,0.22406181060508445,1.6347472696122227,4.130057192963082,2.9280765104217736,31.419369533213725,12.045287542702965,-1
8.83466,1.11764,47.572730916870185,28.872063450381244,17.116311795620568,31.836310287124455,5.066001331581075,6.574225761415252,7.306864121517454,1.339897644233734,19.082719836252345,7.6799454346222085,0.3835444426718272,4.988190825969777,6.7676972950531935,2.952479773307916,7.764217894505687,6.083710582251288,4.574292076351721,6.496993398622781,12.937757080081495,6.6464869224915075,31.870028822373484,12.615979345980424,1
9.68534,-1.3564399999999999,75.55911897853282,28.894592018054862,37.69739588730423,19.34160414374819,41.40243331755661,16.291286775439286,11.321401749305394,17.359897036487265,6.0874698640966685,9.192137150243664,0.6307122441075074,1.1328944431853663,3.1471754691106377,1.2046065350466533,6.532520216501533,1.7893667713820314,1.1796546470779747,35.61136335503059,18.634251851866143,37.13448803260227,4.640394649957538,19.77730338419662,-1
10.456059999999999,-0.58468,96.4033,100.0509,89.2407,103.91229999999999,88.08519999999999,89.94319999999999,69.99199999999999,59.21679999999999,90.9567,47.241,72.4724,5.233799999999995,41.3383,54.920199999999994,30.900199999999998,75.85669999999999,69.54159999999999,67.0379,80.2387,84.2358,100.56779999999999,89.4779,1
10.39166,-1.73476,101.17734740373014,49.84503520464336,50.793378544640525,46.21883510055509,43.18808524407028,24.950726528592753,14.105117074195915,13.545664997228949,2.24698186991859,7.53767839545772,0.18020425621542085,1.1633488034392208,3.7857583014904437,3.9442477254469686,5.264551481635144,0.8142002526559587,3.6289540447124295,15.083567727365201,3.2420223605299796,36.252359267101305,26.078422719879033,28.072909663422543,-1
9.5694,-1.43828,33.075774651104865,14.664089071468913,26.456744886502513,2.2171976997063663,37.100418541164174,13.575717524947862,9.528659175580165,29.854094622281632,0.21904962818315007,15.552627635939318,16.536736498382663,2.8927680598575414,13.668638902662007,6.896407431195331,16.061732708923284,2.449109552097602,18.480321866984667,21.138219446732776,14.722513053763528,38.97062551724917,7.885517012776467,12.040812750146195,1
10.63072,-1.16014,4.851700000000001,50.395399999999995,62.7115,41.986599999999996,80.2153,77.1255,78.3605,100.98989999999999,89.1916,109.6387,104.2676,99.65299999999999,107.321,100.4623,112.3166,72.0249,104.4004,110.20249999999999,57.4901,97.78229999999999,51.5233,79.1819,-1
10.4999,-3.15538,101.78536740679752,53.81115415740451,52.045214112110685,48.05323944854507,40.629471737359054,27.901201621354833,17.04554321946353,13.78492660485401,5.29778523593491,6.193711708428698,0.23200579433755575,1.4831098446612698,4.544871275592787,3.583485892468683,3.020351531654521,3.720126504457158,7.843766428810474,12.142418633509207,8.547004201256023,33.4885996313486,29.957948745315825,28.741639529534545,-1
10.38506,1.64898,100.52427738377881,50.31759488366966,48.03384871532591,43.3743562635206,43.78904458458321,24.594956609759496,13.444663018156556,13.0732528743863,7.928907959700276,0.12126110529372375,6.9632573031787555,1.2649041283030897,3.218576308192837,4.726440764938395,0.5737857575388743,4.998040801083479,1.0033374816380574,1.5483631219299692,15.195490713449345,25.10133504510719,36.83836587656415,27.352483002941746,-1
10.39424,1.70466,77.60644363501859,37.4429530439493,46.29252744260982,22.575185238558344,50.988155384313,22.442945260265137,6.213385680517938,15.970846226024246,3.218378598226936,10.845462972738801,2.6575196698887136,0.5784592097371186,1.4355914671306154,1.8227112910987826,6.295417525773864,4.149121541641421,2.1360287994394107,10.285441265372327,3.105742797571019,36.79834813694142,12.711985471398457,19.279583900415467,-1
9.4,1.832,1.298099999999998,45.1201,59.8093,49.203900000000004,73.8766,87.679,86.4962,102.6659,80.77600000000001,126.8186,104.7882,103.977,104.10849999999999,93.73580000000001,124.3849,90.1582,98.33160000000001,115.08109999999999,81.50919999999999,94.82419999999999,49.7552,72.3627,-1
10.19608,-2.28972,101.31670004733418,49.58571930790046,49.47697855933543,44.87748568667029,41.87951107248108,30.578829649210213,21.74858455688004,25.51612895928402,0.07297628203694491,6.2326166700283325,13.36205755403982,0.1765367141299629,2.9449193210989955,3.096351468869066,3.77878141841071,1.6832713898028215,5.742337845346033,27.515373707832396,23.375389884884342,41.871276643894014,27.611217477591975,31.96205956609315,-1
9.4,-1.832,7.411499999999997,29.048199999999998,42.7542,20.9227,58.2616,49.8947,39.201800000000006,62.6863,69.9151,97.41730000000001,71.487,92.3948,89.3023,84.0365,97.9897,65.2205,72.5772,48.1331,31.4371,64.8889,39.0325,30.7239,-1
10.3543,-1.67652,99.03538200874145,47.50602876643166,50.21902684432521,41.620869277087294,44.299540629444444,24.388804071044717,14.134391721237481,13.717565081348171,4.291329376878842,8.568756554116854,0.12188300760051869,0.9114897200028996,4.471104271339348,3.5876005326432514,5.566407593057037,3.055370502951903,4.01461327015314,26.48933441739418,7.484790229082962,37.50686398895647,25.610422548607794,27.930074493064758,-1
9.44634,-1.0584799999999999,4.276424375840292,2.5769296937802153,10.665720937302629,15.748121052597513,19.74515342843997,1.6029427720917362,5.310105182226263,5.162341246226601,4.770077481331812,6.619968089064676,0.292447443401629,1.6971513233354065,5.115302057415907,7.0808638897932665,9.07072339087703,6.5944559819852495,3.8216981463134485,10.823091573020662,8.430727384605447,23.900213200900822,19.20768410890032,3.4643176302372107,1
10.22818,-2.70474,101.91017001977866,51.31702150352132,51.894652450001004,47.05306732344299,42.72973421194712,25.338257228090892,16.76981884820341,14.310626731331272,0.11234056004965588,9.387288525669934,6.973165873842556,1.2464701703188727,5.126428123133312,3.420351611224738,5.69879120954401,0.4711063779456101,6.495266211194868,20.738292773226313,12.889185072116417,37.10637023030239,28.049361015370085,30.10792140839271,-1
6.73456,4.68902,74.3409131289843,42.532000496801786,36.16780081269182,53.66883300436491,23.184182172041055,21.629356144690465,29.960306937936828,33.30491641365985,27.252872853302712,1.5466804824292553,9.570247561583454,0.9613271308700135,5.9729659877550425,12.32521244552741,6.513455767523487,18.675182654455607,10.058139125931831,39.85377270483266,49.13028100370654,20.00042913588745,69.59300095813299,53.69704139411142,-1
10.05532,-2.88118,79.80776904287082,40.10602878408289,32.94565808812844,42.51042429274164,18.076070455290875,19.056588513825787,13.17604099214858,2.733897634266287,6.612500314936893,5.857324007254115,0.18135470448898083,5.378939173576927,6.25116333769551,0.6903921988472276,7.794675051347607,2.274028414212248,1.3140816501024515,0.31602049272449817,4.346728770460281,12.836086006432803,21.40965328510646,18.26245716804064,-1
9.73582,-1.01,4.507099999999994,47.8077,59.6979,41.6485,77.773,76.4099,86.4179,97.39959999999999,89.1488,107.9259,97.30109999999999,100.4086,101.59790000000001,95.1124,106.99289999999999,91.1351,103.2156,83.60749999999999,69.5457,96.0552,52.046499999999995,74.003,-1
10.2932,-0.9921200000000001,102.3189,104.38499999999999,97.6529,109.3272,93.83269999999999,105.42490000000001,86.51689999999999,72.9454,98.74100000000001,54.6429,76.7197,7.293999999999997,50.4226,62.1838,43.5724,79.8874,78.7049,88.9721,100.083,91.9282,110.57140000000001,99.1873,1
10.4586,1.33316,2.9924999999999997,55.0908,67.18209999999999,52.2221,78.8154,88.0557,92.6786,101.18430000000001,97.03909999999999,112.6194,103.4279,110.53219999999999,108.965,102.8014,119.4006,97.809,109.1336,114.2003,86.7098,100.5582,55.4272,79.3605,1
10.35746,1.6330200000000001,100.77975320703001,49.952360517720734,49.721688823181005,43.623792328762626,43.08247377764709,24.541906071976427,13.497137537512275,21.98973105670169,7.734730243129684,0.07766537341452812,7.497257653492781,0.902801601874555,3.6116976460537984,3.6497830526732713,0.01327578548289777,5.384188562260186,2.0311301860890953,0.19404947022106542,15.381497677309452,25.74866324307587,35.29362180795565,27.192138653332194,1
10.39136,1.6861000000000002,54.86696347522413,23.374895321201276,35.12876441789852,7.373955539963495,43.636521595055854,16.39834700854058,1.4252343215430945,12.472779878562559,7.169961606136157,3.185007811662428,3.2478858691113497,1.147948105432142,1.0663781835403168,3.935824899708636,8.356398931379314,7.492729788377642,1.1434269206932,7.802620344080729,2.5377457673022272,32.970983930371204,1.2756598325124666,11.922913090268178,-1
9.3054,0.56296,7.550699999999999,37.0709,49.455,29.7441,71.6724,65.839,74.0991,85.8597,76.457,94.6573,84.1848,93.91890000000001,94.5778,85.60810000000001,96.8853,78.7731,84.9136,77.1283,74.7432,85.48740000000001,39.4953,71.3746,-1
9.84902,0.61436,5.059142857257794,3.175897189192009,9.301852100122533,1.529159628758247,13.938619625424018,10.628671871828734,0.33263282058166765,18.838984055061047,20.54258260212045,25.51837979343349,0.68800822366215,0.5923912653875355,8.394690326180191,3.3781731294016657,20.883907662687104,17.08405728925196,4.991210538781072,10.56111304333466,1.1723709482673443,17.07229061801697,0.31501143376109564,8.09284257512108,1
10.25916,-2.68806,101.18734323583271,51.79656258542143,50.37108215889318,50.569003559926315,40.708742362388634,41.95460187185641,38.97185162773421,31.51589112397773,0.26117289139701555,22.142215199635306,30.026679734076122,0.24075251473480794,3.522640921880823,2.855052504624416,13.68826354951938,2.3020583304006768,9.729861977862805,49.526703449534516,44.20713826505409,44.61939902127949,30.41760447423483,56.47945194348856,-1
10.24264,-2.36436,101.67305102730822,51.18202893965725,49.54594580140823,49.06554570201001,40.962678923361665,29.060993259512156,42.9018173321511,28.024418922290135,6.596332562333383,5.693141760139392,0.031711946941382685,0.16310419720198224,2.762061536006801,1.6586342913384549,2.711639879374052,6.404469520268877,11.964187316006536,45.85709385843433,37.20656962853598,34.03563232637256,45.35554648455907,35.04375899935249,-1
9.56204,0.90898,0.39459999999999695,46.0499,60.226,44.3788,78.1445,81.54560000000001,81.60480000000001,96.83160000000001,91.4142,100.0206,95.29849999999999,102.6035,101.55520000000001,96.94239999999999,102.2039,93.4607,99.17250000000001,109.108,88.634,95.9916,53.104200000000006,77.2469,-1
10.22842,1.23582,3.7264999999999944,49.3818,63.557900000000004,46.1733,82.2863,85.7196,86.7058,102.3357,97.8143,107.46279999999999,101.70670000000001,106.5114,104.49690000000001,101.78399999999999,109.50919999999999,98.1173,102.7286,107.9187,97.83959999999999,98.7878,60.739900000000006,80.52590000000001,-1
10.28506,-1.68716,99.26532025358084,47.51712436694237,54.42950609901333,39.92124853251077,46.059974935504556,24.58095409493296,13.362331899003829,14.146926048641605,0.44707529315002514,8.685587484372729,0.28926357075945053,0.3375383101526503,3.99407534160168,1.0309812833119278,5.624517503258178,2.673301453784504,4.1417278509756335,22.69155028635984,5.990467382684579,39.181940276395515,24.781753589689625,26.788928800654887,-1
10.51102,1.24376,5.507400000000004,54.873900000000006,67.5288,53.13420000000001,84.0359,87.64930000000001,92.6911,101.97800000000001,98.4322,118.8966,112.94470000000001,110.8783,111.6414,103.1538,114.1674,97.6709,111.5759,114.0401,87.22409999999999,100.4905,55.159000000000006,79.7167,1
9.036579999999999,0.6452600000000001,5.9558000000000035,36.080299999999994,49.7427,29.499599999999997,70.6049,62.5471,70.8397,85.15129999999999,81.67589999999998,90.7236,81.5525,96.3519,92.28459999999998,88.69569999999999,94.0303,85.6515,89.892,90.5489,76.63319999999999,83.97979999999998,37.6204,64.2062,-1
9.52804,0.75078,3.9638532029238904,1.9862065361067052,6.142156726868325,1.271242030443412,13.404333003987153,5.9654411787039665,4.192072041231088,13.388209692771678,22.798654199129285,23.328250392841202,1.823060362456238,12.333771780496768,3.7791815107810995,7.81856538990732,17.449505666662173,19.999326910807373,2.8861503468977867,11.141540699535337,3.3999740785333556,16.143893818259677,0.0276854057771289,6.533307909564687,1
10.111920000000001,2.2346,97.71801924247025,50.06257341515398,48.56802469573191,43.705218113628774,41.752641818377185,23.85647990035399,13.266827412844522,13.595805514730642,9.468177798465796,0.47426658833882024,6.769485594478305,0.5513682879833471,2.9411455634601626,4.7666903470815365,0.38024973714058913,5.992331072532995,5.679583655324783,2.427682179912997,23.878274775940802,21.242139928702265,37.85240887222722,28.87502532422027,-1
8.95972,0.71628,11.033368238069002,12.554051147207256,0.3844088202082425,25.58037288369432,13.132583243651784,5.045945274502233,16.867699801211767,5.727127702328875,22.20755373247408,0.2548694580131408,10.584422223723703,3.2949836785581126,1.2705845622600813,6.7511423735065685,1.2283358124029655,9.120145898522164,3.2643794494978096,1.2899411744358265,15.449300217691118,18.497059326412536,29.86715889399202,3.8988848410602217,-1
10.22358,0.70846,0.859081712323097,0.7549794970956781,5.854236364695873,1.4885810274584996,8.857565510670035,0.9357498356288915,1.2555780076279117,14.859235466023975,20.126136315839787,27.78445623095482,2.598866705662841,5.014835345000213,9.606758829638572,2.608121956156176,22.7370273947284,15.672682320820696,2.942345109350306,15.50588769744136,4.538790468538832,21.434006191019225,0.6193322715254987,9.94349207548031,1
9.86776,-0.8834799999999999,0.047100000000000364,38.5051,56.1434,35.392,76.6041,80.9246,88.3089,92.1819,91.7986,100.3202,94.8078,95.61859999999999,99.5809,97.10839999999999,105.58680000000001,102.4358,97.44919999999999,101.3144,97.8613,92.7652,64.5568,75.4137,-1
10.3055,-2.2047,100.54558446373636,50.98772587701725,50.685107046604145,46.83268924124121,44.39465501585166,24.831718124586654,32.80377539348911,22.10031722756351,2.447770937172807,8.405563283199626,0.23567650370114218,0.951458429507638,4.2579281534012985,4.021099202867605,5.314462494478325,0.7248628567374689,5.4143169346153845,49.00865258550058,10.668210982462103,57.599359993539984,27.705789740900887,28.42553781586095,-1
10.34408,-1.7193,99.94622015673546,47.66805402875032,50.27278654140531,46.01044394439035,43.449276121070035,24.07513447310587,13.610238207996415,13.298126092377775,0.04747653004251771,7.8946879117408795,7.447817676841131,1.0292489820992685,3.90264539410697,1.305972347506935,6.205518590422824,0.35825124974692124,4.180442941631033,15.298675566567953,2.781540102851008,36.285045103418476,28.24877877410252,28.417923885069783,-1
10.42808,-1.69036,22.295430132223714,1.323519716456978,15.379272386404054,10.412398861437996,24.62668441081605,2.425782909258957,4.525052011816526,8.869385438517792,13.103077816617851,12.507710936436451,2.840168650523193,1.7366788717591453,7.480037360532034,3.1214380724837367,12.209492542829825,12.287482997431729,1.3290128681874354,13.778851313950446,4.137294646809904,29.78630661438076,13.740773011063407,9.666345239614682,-1
9.40156,-1.0837999999999999,62.66780099939269,24.768061947554738,33.142697567399914,11.219350386557936,37.64486720561663,13.135744212608165,0.6830019362992901,8.540390028383577,7.673050952796138,7.871698437003681,0.12740160428780328,2.35177187080277,3.696079871001687,6.541593357031905,5.396163256665868,8.168202153939935,6.028931864937094,37.880853330344245,8.190944608107312,40.58898697623406,4.9073828058781945,16.996361265740838,1
10.28354,-1.69596,1.937100000000008,40.26820000000001,53.4251,27.678000000000004,74.03,70.2116,72.86170000000001,71.6581,85.09129999999999,99.0852,88.42750000000001,94.66040000000001,99.4568,94.7844,104.31660000000001,86.20080000000002,91.7961,95.9503,65.26230000000001,88.8391,45.49720000000001,74.634,-1
9.673399999999999,-1.7429400000000002,61.46146071258264,26.654286904828883,35.6781354895698,13.271326832440346,45.154757187285895,24.16743243629189,12.119352989012027,33.82223113255882,0.9049798654504217,21.514298531675465,13.052059236463823,4.791402771123614,7.1100550821863635,4.795671331485191,36.362415193016304,8.364006398305634,20.148996906030927,30.071125237296343,19.840255716880556,41.44730513578401,3.600881927051394,19.21054377965736,1
8.70758,-1.31006,67.29205056191114,24.344465130255486,32.729627513551684,13.061729858187197,36.641013381579484,13.234996294498643,1.527750646893085,10.38189341090354,9.620473238182417,10.469784219069165,0.7902442973911016,3.789426044548313,2.013767308149454,1.777013710922802,4.441739348703878,6.6809644295097,6.926790415064808,10.891563019578589,6.180139624973106,34.766159965247596,1.734590746580524,15.529944861839178,1
10.34538,-1.6884599999999998,101.13868232655734,49.933982299091674,49.84792048187574,45.66651160974058,43.70745523590919,25.57627959439407,14.287042558599804,13.078091212532238,0.017081100325603425,6.897721773703047,0.10439624515138488,0.48895003011438254,3.7765206257810617,4.33734198980738,4.693955941408758,0.4393196295979623,1.593170351964661,14.248535089765506,4.289244638651196,35.41846690929033,28.710779737926604,27.30207865630309,-1
10.41328,-1.69176,72.95082215532175,45.42762551280888,35.68027461323022,49.30180667421753,20.034902440890924,20.94823068504391,14.570992369138553,5.217628165375078,2.430263424792155,3.1102380811916164,4.4423563465424545,0.305121344034217,2.4901385476723368,1.221151224240249,2.5517492980564995,3.0946067067812155,2.474377065327189,2.817339077918945,11.351638524313755,9.418208702161694,36.417616080249985,17.808588491803285,-1
9.6969,1.23112,17.255519482544795,17.206354442334938,7.514805165865494,30.874068238977028,8.692843717115503,11.94850563619668,14.979986052044604,0.8677707554506648,14.035643629092698,0.16110506537428937,10.513351449146006,4.620829374548247,2.9246319927853373,8.78288701734821,1.919472749407082,12.879363846136368,15.255001934775626,0.4160739508939231,15.108419299104687,12.281863103964557,33.304996543050336,8.276554527331532,1
10.45876,-1.38804,0.6820000000000022,38.6932,52.4094,30.533099999999997,74.8763,67.9671,61.567099999999996,84.97319999999999,92.9359,104.2911,85.6138,96.7914,100.74199999999999,94.3694,104.7328,85.21979999999999,91.9443,69.5069,67.22409999999999,89.3475,46.2707,75.6899,-1
10.33556,-1.7071200000000002,98.74699993398274,46.76796494876676,49.44585602286278,42.05547898625703,42.9871356903649,24.449719645439888,12.605977026324592,13.355915704922362,0.47168418836844955,8.629803135471244,6.895950917973696,1.031722372158759,7.086749303444291,3.678090742342176,6.655591683879882,1.5246433514912856,1.9410655997674944,16.003162845634588,0.7273425961230415,37.616877180950596,22.32365847747005,26.9509172458985,-1
10.33556,-1.7071200000000002,1.031722372158759,7.086749303444291,3.678090742342176,6.655591683879882,1.5246433514912856,1.9410655997674944,16.003162845634588,0.7273425961230415,37.616877180950596,22.32365847747005,26.9509172458985,98.74699993398274,46.76796494876676,49.44585602286278,42.05547898625703,42.9871356903649,24.449719645439888,12.605977026324592,13.355915704922362,0.47168418836844955,8.629803135471244,6.895950917973696,1
9.50962,0.4749,4.808420956789406,8.154648377758043,4.088089609992681,20.722945764403875,16.01369177907342,5.846535941406156,20.703453694555126,0.03040619546469893,17.92996099440135,0.3493973444823883,10.739555613053112,7.922101377979176,4.880861493087873,3.8711193841403726,1.8481709898967396,22.129407010564297,10.270717721810678,2.9886189654921655,18.97507745876892,21.265873725396876,25.21117233011092,1.1705630568485619,1
8.67628,-1.55496,77.53611283333285,34.13269146257363,39.61009258992088,20.34597274824909,39.69522665805914,6.782412043589281,2.0045396099611446,13.827719711919862,4.052433305546428,9.766969230790393,0.6964576982724784,3.94848349312858,1.9504325632400212,1.759346746813112,4.12433795559008,1.0136539572374994,5.1765939949834365,11.574051253766827,4.667354794685331,37.42643024361919,13.098429884375522,20.45023344730431,1
9.382,0.83316,28.006797275062915,3.556484169298431,14.793400757787817,9.609781292566021,22.600306854615916,2.4710574223284794,9.519023752574878,0.23930917616333777,13.479712851014582,0.5005167071836975,7.123298349987206,7.598213861770687,2.794047207246728,11.050699579823592,0.0010913711962108337,11.737464709244136,10.460527994519792,2.454249704951612,12.291376838703357,25.575931877933186,17.751780459025372,3.276763391627403,-1
8.67196,0.5524600000000001,6.0123999999999995,33.6419,46.1322,28.0443,67.1266,67.00829999999999,74.7822,85.27529999999999,83.9534,95.918,89.05510000000001,94.10419999999999,91.44319999999999,88.4739,93.4344,82.97399999999999,87.0472,89.816,76.1969,83.4998,38.757400000000004,69.0294,-1
10.34714,1.71312,101.62623588339052,49.44427976255406,51.818442756189505,38.9739574488267,50.689328629348,26.240317560558417,24.40271381919657,18.48983263077431,5.211354916728021,1.119524576529799,7.2920494139640875,0.43107163606194854,3.1870800864806474,2.4056924243126416,3.3228712862848138,2.829037723014519,13.890043051144906,45.97241693929375,53.64060131940722,32.537930352664574,31.653640800260014,42.11984421617854,-1
10.052119999999999,-1.93842,0.8556999999999988,38.540299999999995,52.2921,25.735999999999997,74.2606,67.81469999999999,76.5518,89.3051,90.8598,99.5837,88.68260000000001,94.9537,97.3836,92.6694,102.84289999999999,90.0029,90.8616,93.7935,89.567,87.5677,44.38849999999999,71.981,-1
10.449760000000001,-1.30952,0.3216999999999999,40.2668,54.727500000000006,29.5587,75.4842,69.6577,56.1617,80.1506,93.4873,101.8914,90.0202,96.078,100.4346,93.379,104.37110000000001,89.4942,91.6431,74.6204,62.6002,90.0677,45.0526,56.687900000000006,1
8.990860000000001,1.3992200000000001,22.17638281170585,1.4937658441334676,11.124935023750124,15.071587370598,21.689338830296393,1.7815717420208794,10.218799615830855,3.0482881573430247,18.749987483463322,0.6103026085004138,10.539113178063044,8.650526624225742,4.50815263971543,11.289154856262332,2.4672066721180466,16.38055976545799,8.336984886384519,2.951104215193664,16.078620776344042,22.321488241355464,22.689427035931594,1.7432917708467273,-1
10.38502,-1.6807400000000001,100.54038580857687,48.57324027899525,50.61694141681666,44.35210349025673,43.50378365060856,25.041811473288337,13.514847068208192,13.488562403938287,1.383284285804621,7.55707035934846,0.21187361694108334,1.047498217658993,4.138525335613176,3.2875837727666943,5.1148407441318025,0.5201062737773161,4.120469256169801,15.326490884539139,0.5959454625004243,36.72787976830302,26.162891647750623,27.00987143255367,-1
10.32954,1.7410799999999997,101.2291432413786,49.754336805334944,51.51661197103872,39.55712418447421,50.63973312294742,26.194642990028743,12.365226403493637,17.184928275242708,5.056113643663098,6.687791983408011,1.4114470364486302,0.08365377725472078,4.884618692546517,1.7978058502673626,5.62504765825211,1.6295977328532278,8.31331125856096,23.545326751075475,24.503954972856405,33.78768081669322,32.05540707401602,27.174934887735493,-1
9.502379999999999,0.62828,4.307000000000009,38.131,52.0672,29.190199999999997,73.4524,65.8622,52.00919999999999,87.0574,76.0955,94.86869999999999,86.1736,96.679,98.606,83.2731,99.4188,77.499,86.1989,71.9196,78.89410000000001,86.1818,40.076299999999996,71.9354,-1
10.0345,0.81802,4.551611538883853,0.8412467247920278,14.80934749041456,0.989327114922644,19.609331700489232,6.978103321851899,7.936461933562536,16.092902038983503,26.822856496450147,11.34493691140365,5.359392707558743,33.01622608804965,6.740149825033013,18.054655522580987,6.7175900867201515,25.995145124844814,2.517208478699122,15.282129553462743,4.085067589248879,17.580548498012984,1.9800225524311792,9.382409467585251,1
10.30722,1.7627,97.79001343669131,48.59150314700669,45.966342121767575,43.3748125137591,36.92302003196692,24.08217071056801,14.551753341970965,5.6537561559836425,9.3009729570898,0.668165861905543,0.15658377932036338,0.48720302404370863,0.619528059000142,4.016663540512868,4.207275132302545,6.168058803172931,8.281387573253447,0.8026209683449377,16.01220028510832,22.204572142599748,37.79172116085718,27.800769190744063,-1
9.9757,-1.5825,65.88577081938297,30.182738104420014,41.32880248567749,15.955219324013452,46.81048306702423,23.691365329582506,13.424846473269298,23.270451886940297,0.49930820017680916,21.784054129262387,13.757079515934949,1.5382669565188414,10.5145160852395,4.113644534593806,17.550681248026176,2.083680362943298,12.124614914512932,36.1001541937148,15.847922991654084,45.38905765953334,5.98943511151324,19.859591655081843,1
10.35406,1.57238,2.881300000000003,48.178399999999996,61.8138,49.466899999999995,77.5299,87.1719,91.6489,101.3133,95.30189999999999,114.0213,103.3133,110.05279999999999,111.49109999999999,101.50880000000001,116.3723,97.0291,104.55109999999999,94.00280000000001,87.12180000000001,95.95150000000001,53.7969,78.947,-1
6.54504,5.5341000000000005,81.00668203291207,44.2203897502039,36.55157939027607,42.34362143735942,25.148375096015,22.690228852656816,22.15327519595512,13.235580460253916,34.01939532995089,3.0357272889004276,10.492522637431069,1.7636365467314892,6.7991206836133085,13.246802795786381,4.801525081513367,22.128590730562777,11.323297041458904,32.12923865288314,27.159989163674684,4.270751354384382,47.744029917934846,30.246569442045054,-1
9.17328,-0.44092000000000003,42.449612143876855,26.847177010855667,15.713762593484763,36.6741963724845,0.7382352831307997,12.761138764417252,8.886250432099601,0.1646661713609092,11.4872541326409,0.1224544078760312,3.8583034594712293,2.2266367765169113,3.0238823039339477,4.3549181989464785,7.40365331563665,8.95151224482044,3.9921345564246775,6.341960091396669,5.862685259964739,10.007016906053865,31.446486854133294,7.643189411056527,-1
10.28188,1.7442799999999998,94.64443813245127,48.25545350182224,44.949473065134505,43.847788955519114,38.95498453558868,22.32941116987574,13.40042493660383,11.535619757974644,8.957823001725952,0.7682251376332789,6.314988681279521,1.0720989107080106,3.358634371715959,5.05867774098949,3.2826211416475943,7.289953257488753,4.342721234625936,0.36271975559231845,16.443000420334375,19.19056506798975,38.753050244869286,26.006949846064547,-1
9.16288,-0.35778,33.004616576802626,7.93905879834012,18.772489946325923,5.9613836295065195,28.636600529202617,3.535182369653667,2.0136660396419845,0.08759793198261787,13.468281026700723,4.951080482196602,7.158720517959337,2.792272784623023,1.3711443846434213,1.035852806001606,3.8491731577386132,9.213517339362463,8.228999222670026,9.880337619171423,8.026622146187071,30.507440366021747,13.250682262395232,7.54353043219132,1
9.0328,-0.17287999999999998,4.5859528489580965,11.990543012715088,0.6422951725934911,25.225852894545024,12.59108485166606,11.308416366346012,8.907026825213924,0.6709404310276244,21.682382417712024,7.470776846334604,7.208519673820671,1.4997918674111776,1.9806249196489594,2.1986666214213915,5.826658861342202,18.126833531977127,8.022883272587856,1.8877306123559778,14.801333059959667,18.876211976040786,24.02193100502512,2.1050749282896044,-1
10.33184,-1.5996000000000001,96.4313,100.0532,94.7262,104.1275,88.80160000000001,91.1073,94.9105,85.318,88.5103,46.785399999999996,74.5864,1.250399999999999,39.686899999999994,53.4475,27.381999999999998,75.48179999999999,68.0799,72.8615,90.2733,90.8134,101.6083,88.4011,1
8.8307,1.1972200000000002,18.967253893717427,20.023008313969488,7.220562245854437,32.9572404044922,4.755683779217767,15.796864335416334,22.272012472018755,2.146499192860387,26.147565326918347,0.0809462596686036,12.194563437050409,9.294683310816731,4.06924637621114,11.608936631159992,1.6980715707707736,25.52064418620455,13.45378354106168,7.75961850482932,22.530357089648785,5.7088865496134185,34.461955839135484,10.016692147611048,-1
10.2833,1.03566,99.5837,101.9406,94.4143,103.8639,78.063,91.19460000000001,67.0316,52.329499999999996,66.5138,44.5779,73.8224,2.464800000000004,43.9908,56.1432,35.390100000000004,75.75110000000001,69.5835,61.4163,90.3731,78.5291,98.912,93.20009999999999,1
9.85702,0.36892,8.878636509840808,7.267544356579427,5.444279040575993,20.638853468756594,15.957707106158283,4.793962348986616,12.236883646721921,0.5885819650836724,14.003447506637368,0.11801007811389123,8.908760073723133,5.269565037813402,1.6005624072205096,7.359450634341714,2.006204464501655,15.243087586157118,8.040128098448507,4.019733339331908,18.96254332160767,21.521566334656363,24.320783951883417,2.096566935282587,1
10.17136,-2.38936,88.1620584499375,46.989696546260745,38.93388470341345,48.31789758877716,25.67117237328344,20.798079514597077,28.24841487767811,14.167105963412261,0.3822048565350793,2.535453384207553,4.116954979896572,2.3259177960072512,2.668955343593936,0.5897730653866432,4.570319669070087,0.07970425993332601,0.2268149449175575,34.78798165692151,21.65170166310161,15.438288595417609,33.077413960725906,25.32619960904486,-1
10.4955,-1.2889,1.5929999999999964,39.8201,54.5036,27.4946,76.7599,69.5427,78.8559,91.9274,94.40899999999999,101.0367,89.9942,95.4156,100.40299999999999,94.9999,105.1096,91.09,94.393,96.8481,89.27959999999999,89.4796,47.5008,75.0425,1
9.4,1.832,2.4909999999999997,46.0415,59.1601,46.696600000000004,77.6703,80.7853,87.68090000000001,97.8933,87.1275,116.41239999999999,116.4791,104.53569999999999,103.7186,96.547,111.5255,93.12100000000001,96.79320000000001,108.5076,86.2229,94.8811,49.893299999999996,73.8187,-1
7.02204,6.2004,88.87798664274221,47.661877190280364,44.418419428262304,44.03716886270191,32.81622271599972,25.346520406778758,23.030106526923188,15.91303575671378,27.714482084710284,2.4861670476037423,15.279262744116,2.4617575289840015,7.025886325722652,13.73066754055436,3.2956994108562427,20.254187440419244,11.094398925579709,19.903491562875868,24.011637943666763,10.745811721423296,44.57819326078253,34.230712369567726,-1
10.23958,-2.23244,100.69656296755605,51.3302931019502,53.21378489379531,43.921930023872434,43.56976219164858,25.593601610142784,14.637307069247028,13.968430030613964,3.2513450432947018,8.203679487569923,0.30171339206194253,0.9076538889770539,4.071826488622908,3.994455160076165,5.708446567240089,1.9098107464381222,3.1227332448642633,11.310046647713682,2.546366801070853,37.05844425299159,26.080136750209267,28.917211092717977,-1
10.1757,-2.29682,99.34221916041322,48.3326461679414,49.55881472397044,42.18678108649263,43.46314843243234,25.365276268671597,20.91115504872261,28.917795497676828,2.7398672055863322,8.470723786102829,0.05989036905418135,0.8490343205451195,4.630335335996783,4.077358874247472,12.479078994055003,1.495229333169394,6.4157589002192825,29.076894842164865,11.341126801435545,37.62030858903665,30.76787068114614,39.658437635062185,-1
9.33556,0.49666,21.823696843860844,15.61357788846679,2.6635181046094294,28.610013540684424,10.033187188561989,11.616535557872691,10.62761444369299,0.11300105173620627,11.44846195152678,0.6445723029836398,6.1503748386979025,4.276386159803188,2.3174965142155295,6.565341026161655,2.0644860613164773,11.1253860696227,8.984725131549315,1.905146293441006,12.526775362431888,16.2262270374306,29.86430694013804,6.078816808938317,-1
10.427679999999999,0.33512,102.3282,101.5282,96.05369999999999,104.7605,89.48419999999999,90.7364,99.4032,86.4435,94.3407,48.06309999999999,77.24929999999999,2.5620000000000047,46.357099999999996,60.319399999999995,37.9794,79.3956,70.3517,81.65129999999999,92.31639999999999,90.14259999999999,99.49539999999999,90.96589999999999,1
9.77218,0.69262,0.41569999999999396,40.1759,53.6323,31.7888,73.7098,55.150600000000004,65.2313,77.4856,84.8389,98.3392,85.83080000000001,100.4728,100.8004,90.5955,101.8489,84.791,83.14340000000001,61.3291,49.2396,90.1558,41.6864,67.393,-1
10.291039999999999,0.5119,103.1317,103.9067,94.5654,104.1645,89.2829,86.8149,65.5296,52.024899999999995,93.09530000000001,44.4876,71.1395,2.178600000000003,42.925399999999996,56.4561,35.617799999999995,76.6488,58.451899999999995,68.2415,80.4024,88.0457,100.9337,88.5929,1
10.267619999999999,2.1894400000000003,100.54048445174054,50.329771827428296,49.45380756374863,41.989349113057216,47.03273122518194,24.742115065882427,13.383582490722839,14.160866901566486,16.596625367026885,0.15528913291649965,14.489675688170179,1.002994543481077,3.500663243701046,3.8870887577535873,0.5023297229323502,4.7501609557278215,12.766721862881898,5.503543308997607,15.66409955103096,25.986140219302722,46.70927993074326,28.020006809818266,-1
10.17552,0.9904400000000001,6.648400000000002,49.7663,63.8913,48.013000000000005,81.2108,86.4658,84.188,106.44030000000001,97.0793,106.39620000000001,102.88159999999999,106.0231,107.5256,103.0675,94.4608,96.9544,101.05510000000001,93.0964,92.1332,101.3704,64.1343,85.576,-1
9.4,1.832,0.8718000000000004,49.9167,62.0379,49.3995,75.0926,84.2282,88.5647,82.9163,86.95509999999999,116.1369,90.6296,105.1808,103.6063,95.2694,115.8731,93.3038,98.298,71.1009,45.031,95.5441,46.6049,67.3014,-1
10.21054,2.68568,101.67015607208863,51.13241759355855,51.360703354102554,40.65974777549974,49.19815771613635,25.488857090084615,13.726377789721605,17.915861156404866,8.27530337891821,0.10782989227944986,7.108923774693173,0.5839494871600464,3.698915509284214,4.493625395538681,0.7703403640070964,3.970030303015757,5.842776134722604,4.527889491891227,16.512901820656033,28.08395249870087,35.80407527276048,29.067301650942564,-1
10.128319999999999,2.14546,97.9448029081637,48.62982082177369,48.08914138666132,43.91085932760223,40.22373862807224,25.11916608258014,14.832492185996575,13.771157746996694,10.641102478074139,0.6688738815909111,0.6433119349426597,0.786977292028723,4.187832747739192,4.532726310456503,2.271518721200402,6.277079163368932,4.743885698069606,3.4999003763740584,15.30400472117073,25.264893289339785,38.83538344824584,28.659668607485546,-1
10.438979999999999,-1.78272,90.73610819341164,50.262852992273245,44.644817204519676,50.09257450224591,28.558046285873843,25.62230010164639,22.571923077786018,14.283185292133302,9.63322288339199,1.0542588304184828,2.0540551122905852,0.01787913671063983,0.42718879123808906,1.7546786828599044,1.6422471741540172,18.889542548856692,3.6241660324939713,9.95266980213139,21.027453525805328,19.21641362274849,35.88321883240202,22.378023016727393,-1
10.163920000000001,-1.5826,86.17610458060943,38.62022970950202,47.15183466673189,27.584735321980535,42.79183065610427,15.443981247965747,2.212406311216762,15.08474446227335,0.5702662160018336,9.951085697577891,4.985325590113435,0.508118556539799,5.21791857446306,2.3234794666885423,7.8852687957710925,1.6397689791074035,3.583488798090313,11.464937988642806,4.560909808278169,35.49846077419232,7.97304082345895,23.028371562475353,-1
10.234,2.05416,93.34796103773232,48.31900679499612,43.613058446613614,45.30963445212697,35.42199456355687,24.221750922483665,15.581469264679393,0.4084282258818335,11.572976112559266,0.8567298103136896,7.793722384144825,1.591252313875751,4.966924965813556,5.3103744458283275,3.087648206184895,8.170534634667456,4.285470571987142,4.331206593034064,16.994141806597952,21.191055694906666,42.6487366666224,27.33244156603178,-1
10.3595,-1.7853,98.99795262836257,51.43077462304961,48.55237777715065,51.025298601369165,37.03635325993024,25.655672229012517,15.23197823325978,10.964987832290145,1.0864709980468203,3.807709353574207,6.593290430323195,0.008102809487163078,1.0923712718910739,2.2489469282608985,1.229480042380963,2.054838882569905,2.443495143939688,23.41554039979589,8.753474801487092,27.984355088843678,34.06774384969006,26.444349356292296,-1
8.054,0.17302,31.9389036590108,15.444163737051245,5.426009057827965,25.17555025012978,9.937664398372151,0.5920576200315161,0.5454017872384892,10.47708756637608,7.4230938503504715,17.73546010421464,9.409695092451395,4.902942548943969,9.430972703762226,1.8528418203224193,18.309685932310618,2.0575207848017034,3.4175797274025523,12.718384716360559,8.012048675125824,15.791361394443614,27.237298426260093,6.030178455548638,-1
10.24914,-1.60916,1.9483364065167719,7.275750802470553,4.208969357699326,9.699945274564172,1.3785470719614428,0.3473337938111884,18.122520491998316,1.4448652725734312,40.24303683946261,12.193979040434296,23.254662880649487,83.5811537416112,37.44179089435415,47.120425498046025,26.7836614699232,42.9453280396034,18.42308576344075,14.5323492489364,13.542207291911724,0.9239799376600714,9.202971095604072,6.022753308287606,1
9.78386,4.98552,94.59197094923734,46.368243410122005,51.329155936614555,33.83106851944996,49.21360856980617,25.30289692689538,14.992597673019295,21.204426023439787,8.00912190791487,2.018407472443202,9.614774731976045,4.503793391495678,0.692637399732579,2.4551682246617226,2.687031870195513,1.1383166819085884,7.3945783801348695,10.51706207771939,12.595540347775279,30.666210570294584,26.930522410184306,28.189749913138225,-1
9.46526,0.66582,50.568879853290554,31.10542061861255,19.34896283927857,39.22894357004493,3.8370768135687476,13.333388726060678,31.92026474888366,4.0667515099342,14.932783791741427,0.24323818306149392,7.099449338496475,0.5533834124328598,0.21721695645733216,5.193115899447112,0.69280303391951,11.466289514940474,4.3251269414787465,12.05289928779399,21.418275648659577,4.452332129420845,38.45607641523119,12.064363568453796,-1
10.375620000000001,1.6859000000000002,101.53811956313015,50.85799343630766,50.81229773985428,41.51269079162311,48.09444785920252,25.72187790498224,12.77501703285341,14.28790097169928,7.101924564793779,0.34176466426327884,7.3345217967968415,0.7579714100530834,3.4241839980394375,3.3077419969171333,1.320854042727975,3.748271807562166,3.909087679355219,7.328117544384516,14.057964804540006,28.507439101956084,34.03746229689478,27.208056591140746,-1
10.168600000000001,-1.77576,87.52028481111718,38.377209023777624,44.740917083439626,27.827077453347073,42.423127004937726,20.354753940139595,15.446682537120063,20.09930663020754,0.29645105224408397,9.010968773120638,6.329249052994499,1.6028530016781368,6.312114127907109,3.51366049928636,7.8144143271778335,2.061028798120035,2.6125501942885196,18.963881229990225,10.6019184761949,39.07653830197592,14.377036843951151,24.796709843863862,1
10.382,-1.52918,0.3118999999999943,40.297399999999996,54.3617,29.224099999999996,76.41669999999999,69.3707,78.64229999999999,91.5204,93.6552,102.1,89.7683,95.3424,99.91059999999999,96.5954,105.1851,93.1672,92.7211,85.223,89.84129999999999,89.6277,46.9582,74.4112,1
10.20128,1.0475400000000001,99.42583886133087,49.120009770836035,48.61691056660775,41.58580528556848,37.762495200457394,16.33831450734551,12.974533974596708,1.8716074870436124,4.752094759357437,1.6078901086633384,2.6086275939896466,1.3612077223985748,1.4351408452712722,1.3213777082305993,9.195214862584791,1.6148446094607039,1.8076111043030143,11.502120388062238,24.811304967109184,13.659349275688944,27.7028569506518,22.11158968563712,-1
9.56022,-0.9855,3.2796999999999983,45.8679,57.669,38.2009,78.1768,76.9611,83.6979,95.9611,87.6183,102.931,95.18289999999999,102.47810000000001,95.9742,92.5934,96.09280000000001,89.9541,91.2887,95.8227,75.16839999999999,99.2183,46.9295,77.8479,-1
10.39568,-1.65342,100.04566919557692,49.551847520652096,50.13796082652047,46.14313737023182,43.52802319956861,24.697085390898547,13.420933609711856,13.731534709057708,0.035885314263883736,8.232633238740634,7.365519318315921,1.1192188626497057,4.595714834918189,3.87558572591426,5.503912395762383,0.94930253001745,4.641566133895286,38.80503334272409,0.32288278763819317,37.03275408124007,26.81225831861834,41.55685107873861,1
10.357,2.1394200000000003,86.23279673383044,40.59598779088381,47.82394849236396,26.76741756824801,51.167608691596925,22.434576143479948,7.485522020139387,15.399110502138232,2.8390960656062343,9.68740922066912,1.9338288907218768,1.32280493016217,0.7511035032008712,1.7335517335073798,5.714503658014007,3.945449437829918,1.5218557488862496,5.937099472158432,6.040123976905168,33.60097324079278,17.724485530443946,21.99315332900486,-1
9.23946,1.9607800000000002,90.9000606981809,44.778984744035014,42.31579803276971,42.657969858749944,31.86154134785454,21.612501157764264,13.534457067978522,8.617700267901894,9.404912362234565,1.6567185989997935,0.09690110243883218,2.37802561261997,0.7037829576149179,2.570407045221636,1.3447109834350552,3.933549509330826,2.4937274748061506,0.39098656811478605,12.485586502198009,18.552877506690272,37.26629229552646,24.331500777924457,-1
10.34102,-1.6988600000000003,100.40811793470957,49.14496685247624,49.797915348485716,44.67870083587071,43.81952659471752,24.363416209597876,25.278162932102596,13.214332863618147,0.03083257628947452,7.375154282692963,7.266095478174602,0.8219197106898906,3.8792768434514056,3.44666992093929,5.8814722910650055,0.3890318849712869,3.28643310264935,41.028148672488875,21.00878815285465,37.33295014616734,25.172720989542427,27.279028527846133,-1
9.193200000000001,1.14046,8.999400000000001,41.2175,51.8391,35.045500000000004,74.9397,67.9196,71.74680000000001,85.4005,77.12450000000001,100.19749999999999,84.3349,102.74770000000001,99.33690000000001,91.0985,101.405,84.8226,94.0612,90.777,75.1628,86.50319999999999,42.0135,70.5623,-1
10.41434,-1.5126,1.032899999999998,40.0903,53.297,28.9624,75.6537,68.7699,77.2114,91.00919999999999,92.596,101.09729999999999,89.4514,96.53290000000001,100.7296,95.58449999999999,104.1819,85.5421,92.3111,70.9444,80.7142,89.46719999999999,46.5929,74.0609,-1
10.27576,-0.8516199999999999,0.06346179453924647,3.480387047356935,1.6381909589658656,6.350385595657801,2.7309266453846517,0.36102153405316817,4.8067653678251805,18.32975922329694,4.934768256322302,19.43539169898902,10.577124426697143,55.648736224824106,32.96491088766345,19.6787020990505,38.92785035070419,5.5032190612667975,10.426066593375753,9.133899322973372,0.5141973835212956,8.9606384916396,3.931586111205843,4.456875605200454,1
10.315380000000001,-1.6958600000000001,99.64191148632159,47.91730743603452,50.10885217951381,40.55890366005837,45.2656430768392,24.88050137006016,12.449343746623963,13.324998483536815,1.1026035398518028,8.113089160314537,0.14700980023576538,0.8367049267898669,4.54297837030273,3.574479477966124,5.514257788321976,0.308440393105575,4.253667573252415,15.708196936526335,2.604135778903855,36.20789529558502,26.03138698810385,27.736807970983104,-1
10.33494,-1.34558,0.5499999999999972,40.4865,58.138400000000004,36.1689,78.7642,80.6037,87.6883,92.5648,92.0325,102.3786,95.8408,99.53229999999999,101.42779999999999,98.694,107.0668,98.39070000000001,96.17840000000001,100.4169,93.4056,95.03659999999999,65.3018,76.0434,1
10.50886,1.1385999999999998,5.968200000000003,54.8215,67.0529,52.3221,83.8188,87.41409999999999,93.2507,101.26509999999999,97.4651,119.91290000000001,112.6332,110.4481,110.4733,102.6257,116.4795,97.7327,109.189,117.8466,81.7855,101.8041,55.8645,80.2542,1
9.89118,-0.72324,96.04473324348622,43.707404742280886,46.7155230341632,35.55681216596557,40.55006736439272,15.793049413700235,1.5060305091726294,11.429626878274767,1.233685579141256,3.820227391170084,1.7694052044054567,1.8165700266205658,0.4608270148745599,1.5677112828484294,0.6559642831122743,1.191899670933059,0.7291071305079158,6.806290067156205,4.008105891882121,29.786679261321023,11.259499152599103,22.453458980364275,-1
10.43702,-3.22792,75.52654073921411,41.74221703443798,30.362006343542603,44.4546948721135,14.404018625993666,18.661517150811516,14.960414864669328,2.1640821056982418,8.486032681813121,8.383248867270797,0.2959216050618411,5.120722910037921,5.665499875686774,0.44199428741387486,8.032834685538079,4.381082043173551,0.07415272291021956,5.016986285666893,5.9485530608929515,7.3710599860082615,28.244927845100737,15.586167860446084,-1
10.22522,2.05364,98.63915293524525,49.73245361474669,46.42471681839951,43.476577796631,41.926938186875944,24.479055320361304,14.158094860720487,14.809658029692963,8.800000764268693,0.297741339540813,6.741352190098939,0.9021482814386463,1.8261302483077277,4.686310858951193,0.5667874327329958,6.297216427689273,5.345128803969972,3.7326273914769432,16.46345300123863,21.463577440045093,38.016838427799655,27.90288898307332,-1
9.267,1.4206400000000001,3.212036571837366,0.9355949449774439,2.0436582687340747,6.373561984829616,2.940735520536224,0.1310755744324887,1.0104111781834253,11.901018362251474,15.17354272545033,36.612907551209204,22.696351696865182,89.24793857109061,42.014297187010996,40.49385270820768,40.07836651105618,28.95373724454403,20.085672325172006,9.948751168839937,5.8944475732256665,4.166530524610094,6.381754859525054,0.10854466877474418,1
9.5385,-2.00168,57.094334520498144,19.796650497241213,32.827486699919824,9.908467310918775,35.384859365915446,10.851863738120331,0.8511623977935056,12.478649421140153,10.302168838824697,16.716648680967257,0.27382545684732706,1.640366437718811,7.504837855417601,0.4007409402267013,11.059436467772466,10.221376632148361,4.248570912538338,20.184280059840944,7.125757917852782,37.162325148268906,0.46866224913794824,17.98354310365088,-1
10.32636,3.3885599999999996,102.35590000516974,50.761592982751445,52.78851858783393,41.528390132156986,48.171066680610295,26.52720209085787,13.60458968883552,23.13507427902467,7.278865481578826,4.119506480296259,0.2901239980119058,0.9337562644636566,4.277753543567366,4.118685552162349,3.914670686234974,3.780775231781535,5.4828141954692295,11.31994511595559,50.972999193216815,31.72894754157131,34.419154675574966,29.831160435513343,-1
