10.18764,-2.2359400000000003,101.07183317311356,51.333237831116406,54.242192923217594,43.8896269659219,47.15018690764342,25.39457241838746,15.522558058949363,15.039665145059166,4.512488405945839,11.977624766427004,0.28780381150200435,1.0256273275840444,3.7217817126604293,4.122976677508266,11.849255518500357,4.694615720221417,23.31385056602859,14.539013932248958,14.399556300141011,36.669261889895004,17.478324646538454,39.612199466911505,-1
9.433159999999999,-1.9397600000000002,8.664400000000008,33.6294,47.6331,29.383099999999995,67.794,61.5744,59.6412,86.0187,67.08959999999999,95.53049999999999,83.0754,89.3467,93.61,84.89959999999999,94.601,66.2413,62.047,79.2355,61.2823,76.6425,32.701899999999995,58.875699999999995,-1
9.3239,1.10072,90.60415868485055,64.01547160405254,39.555999540789045,38.32914129163664,31.15779176038915,18.65054313528617,9.254047126625334,6.776870524523106,3.6910802192123855,5.4566864673895905,1.8361457843527424,4.802720682419228,0.5508189054904546,0.6808447784400591,5.624397706764576,3.1199235854873795,16.939601992772978,5.1685509178207525,7.422884419207115,6.377690125763598,30.696730401859963,33.67153472629761,-1
10.16774,1.8118200000000002,94.82635316054058,48.575537271095826,44.14715586174411,46.78231109156538,39.53494537729094,33.72655091423393,37.71913833246547,25.477949830345455,14.082651305914737,1.2495185382851717,0.15032184388826555,0.8528870268334021,3.993719764141626,1.410698841806043,2.1971934079176023,14.465723154985847,27.334300187312067,20.57904602811876,32.45222087897561,37.45871590066648,47.01481006513283,39.18648066547485,-1
8.93314,0.9460599999999999,24.91210322252988,18.19129143002845,6.974522785002172,30.82594382258866,7.1476384508506925,6.204481177207107,10.692414284852832,2.140278120801729,16.128992004701576,11.285279095691251,0.3701057559386887,0.2591795506763587,3.5131862447266586,1.1090294678195092,10.188968264102595,15.315550916911832,5.903023752136633,2.158848682138233,10.056439356728104,12.642314576687209,27.921941550698634,10.516750558065555,-1
10.02824,1.58934,60.56838067297224,33.148761948621974,23.19475388111735,38.694211888670765,12.481075757923378,13.098231522102502,12.017457118070988,5.049343643453647,9.132236770669707,6.849225958511686,0.3872109885725088,0.5902021294343813,4.050943457328271,6.1188251050859845,5.546305700451715,8.467833601425443,11.75611709860775,4.624732164794217,11.292654858294386,4.2118836539328575,39.69462154016883,26.113383471267632,-1
8.70882,-0.59878,65.33824071169575,27.06576021471416,36.4268401907431,13.118131889736125,40.62505378841144,15.671725825951553,2.6466797486023306,11.202525414226315,8.693244936860074,6.465259145820243,0.6123334935524556,4.075090905405125,0.8038315722296562,1.3306545774228125,5.805298231077257,4.8719453953366365,13.5759179652378,10.246825649085164,5.593532296177956,31.307714088721365,4.055360050403516,21.955197579288868,-1
6.823860000000001,3.90562,69.20009758695028,36.57657995749385,27.85543249541386,39.82941630126209,14.181178089225394,17.78454520518608,19.579549482712775,7.742646720249449,21.48689400232979,0.2440413335554032,4.670533038436037,2.353163982058022,11.006580737820535,1.3075088657852654,1.501918792447968,18.159720741360132,16.014465482149806,6.030445386807084,17.73373977860562,0.38637237640406563,45.44031592839171,31.445035803459586,-1
8.8095,-0.5929800000000001,22.629247675861194,2.116472936810077,14.75506121125892,10.502723157683109,25.788787308573365,2.6809839812345744,3.847095619378138,0.6206543320020953,13.382653109565391,7.604862265610761,7.575693809090299,2.1682444568701116,0.4122497456081922,9.040546283392409,6.598342772170838,12.768331454719211,0.20180766896898736,0.2756495898372411,5.754406267886195,29.030568472196133,16.368829211117554,10.153007685877359,-1
9.18614,-1.90932,2.347699999999996,36.6715,51.2425,26.7744,71.3482,61.211,66.0247,80.5665,71.8647,95.9364,79.9684,87.6914,92.5746,83.8588,94.618,73.4761,62.9152,80.72919999999999,64.5648,90.7172,53.626000000000005,57.0948,-1
8.39274,-1.8321,92.66823771931935,43.26649265433461,42.33374188957086,38.223438402639744,34.10150692023918,20.509350633741747,12.025632484026644,17.723937642773905,8.501223895032735,0.10055360690593716,0.5164102215890535,6.649122482131378,5.843127506118637,1.003970105047051,0.7985380915304322,10.175524669081048,14.976811175828711,15.702677160630897,10.642734003472142,25.78994130265294,7.757017347391251,31.27694737240805,-1
10.203520000000001,0.38608,4.931199999999997,50.797000000000004,63.3188,47.8232,82.9589,90.5992,88.1236,112.4542,95.57900000000001,109.6774,104.2662,106.6032,103.7242,103.3486,109.3374,96.7712,85.8905,105.5217,94.9225,97.6289,88.4495,56.4305,-1
9.53006,-0.26814,0.014499999999998181,45.8589,58.7854,40.0435,76.8653,75.6971,83.386,91.9698,92.9744,107.6397,100.92009999999999,100.17,97.3049,106.8152,107.7966,92.68209999999999,81.1532,93.7504,86.009,99.7138,52.4977,58.267900000000004,-1
10.1087,-0.09287999999999999,102.6326,98.83940000000001,109.7078,109.8977,95.5746,83.9779,96.04079999999999,88.2033,102.5587,56.1018,60.365700000000004,2.878700000000002,48.6995,61.4893,42.5362,80.14529999999999,78.309,85.7439,94.7218,95.8697,110.3408,102.9786,1
9.027719999999999,-1.3441800000000002,94.50996445789143,44.74139342861193,43.69834585560129,40.55478995158908,36.78582587812854,19.468160662922035,10.065220755974773,7.963424301829237,4.31984803245378,1.8243757445571502,0.3986879323566509,3.5707145470223782,4.462848575046126,0.18897398058208492,1.3170993366017236,6.112636539643727,17.407924091068185,7.1005928779929945,8.060894924055233,42.8447131164938,10.026885511203705,36.54550064176935,-1
7.852939999999999,-1.51254,71.69158306644745,30.779470204239356,39.73759343093176,17.132871119900518,44.61242869939394,21.70073795179895,13.49814688603765,22.769370173408266,0.38505371815675277,18.591298271235356,9.112852819243539,2.0797818204690044,0.40533950314700046,9.297210071319757,10.643083501952733,1.5429683550424247,22.41007411806131,21.454245666646905,1.0199801115200056,36.25377349260304,0.744022270101744,25.77436476902513,-1
8.67892,1.45854,6.399600000000007,40.8754,53.87479999999999,39.0759,69.0855,81.50489999999999,77.6407,98.4436,81.3802,100.4587,93.48089999999999,98.3014,94.4727,92.78829999999999,100.2132,83.29849999999999,73.4565,93.81639999999999,82.5581,89.96369999999999,72.90039999999999,49.0117,-1
9.5868,-1.33536,1.189300000000003,35.602599999999995,47.9661,29.464399999999998,67.9396,63.4377,85.2674,83.9459,70.9885,97.7732,83.3804,91.4145,93.9444,89.2882,96.3304,83.6779,65.2743,82.0635,75.08529999999999,93.1585,49.8707,59.064699999999995,-1
10.120000000000001,-1.6030799999999998,69.74042318277489,29.815184501690577,38.57938241272122,15.523201313809842,39.79026763858815,12.172251814974555,3.3209852498773977,14.353125673531299,0.3063814182443707,10.498809751760783,3.865929709014357,1.4613511315621108,3.4494779993012172,4.669124615651311,9.727633804694772,0.5071426257762529,16.81385606301641,9.889433360826857,4.340497382523316,18.085528750258533,2.1462210901734724,35.05365030781516,-1
10.120000000000001,-1.6030799999999998,1.4613511315621108,3.4494779993012172,4.669124615651311,9.727633804694772,0.5071426257762529,16.81385606301641,9.889433360826857,4.340497382523316,18.085528750258533,2.1462210901734724,35.05365030781516,69.74042318277489,29.815184501690577,38.57938241272122,15.523201313809842,39.79026763858815,12.172251814974555,3.3209852498773977,14.353125673531299,0.3063814182443707,10.498809751760783,3.865929709014357,1
8.53006,-0.84428,4.419032100103704,0.2771855216331407,4.524796275293799,6.341102585496403,12.115481068436573,14.832718580793163,12.570762086040542,4.180442546275987,35.23052405088433,2.5074170560316698,25.978629087626228,67.70761206428978,24.493078680453074,32.49061647990899,10.336296494978232,37.31681483939654,13.641259619953482,1.4567341831475804,9.222484559621549,8.781108632348207,7.214670356019995,1.0292249957741895,1
10.44442,1.52494,6.517999999999994,54.315599999999996,66.0658,48.1992,77.1331,85.281,92.3352,99.6433,95.8264,120.96679999999999,114.83879999999999,110.7518,105.8477,102.1069,119.89620000000001,98.64099999999999,87.8509,100.2726,92.90719999999999,107.2065,55.6128,66.2332,-1
10.45836,-1.3894,0.6165611319193708,4.304593346797387,1.7094415128689817,9.782284045419498,5.931291389741164,25.66640840593426,13.224078848759811,19.220487897126574,54.39096291420416,63.43043626742293,42.67921550575696,102.57577861345412,53.860543553118816,50.54390435571028,50.92824598315804,43.4065383358274,26.241439317498994,18.072829689867095,13.607136852072669,5.402166603669248,8.749737027019673,1.5265461098616318,1
9.38386,-1.55862,35.99141081230602,16.8854509617983,28.06118352966174,4.881982851073963,38.6744248935535,18.507838658490286,8.979630356830139,22.51478741493526,0.9621362691534053,23.794057853525594,13.596841458502709,5.63581343570105,4.912323009635732,13.977232746499883,22.74657001863695,3.360265012616566,18.477859517119196,21.621027333439873,9.319951340442397,33.56846637433368,6.909169198084216,18.197189949863354,1
8.43054,0.32932,81.4183951671765,39.00529167617909,34.8073097967718,35.46316019377799,23.001047427808263,13.990559522150477,0.7344393665599044,0.8537223269226291,1.5198400585108978,10.144438459284098,9.706018793212873,9.350682685563408,3.2940275023633676,10.508494264210304,12.078080976097699,0.5685022762007432,11.558923621968663,0.5524077687441244,0.9568606454731001,0.24404070742378184,25.500221054004694,27.022920946692086,-1
9.22544,0.5368999999999999,7.184471448455743,4.461680185739041,8.408417469428992,1.3324009374344927,14.533006796706475,2.5735422080520562,9.645116714804287,5.692659346258294,33.67755639772301,13.676773855443809,14.156352885768012,45.973593130712885,10.79143255035508,24.24342414296776,1.0684387459005695,30.238069769741877,4.160096135014514,8.789875990744278,14.723348170625192,15.305251834400876,2.091548008152288,3.286946163178106,1
8.3039,-0.9894000000000001,66.07441003517634,25.369557312106398,32.495304094511354,11.493287509875048,34.01236903224841,9.337123989571124,7.238184935591604,0.4986833302955432,18.444714227601445,1.9656784506535825,12.784419062532681,5.089815763527053,0.534048068825952,13.509777159076666,0.2497269828197534,12.27913521809924,7.055994161888029,1.0902242194205345,7.510120618300856,27.910112784194883,10.894348002025051,22.997864665102533,-1
2.90498,-0.0434,12.665758268051839,9.451896179406562,1.0210180192467957,19.945881404663343,13.165169395290032,0.5161128779462881,0.3921036133951533,11.339022852666135,22.073854464370257,25.04819576679192,9.825285918324193,8.186735201719625,1.9850874543700456,12.882522047112351,25.561819349432845,18.372751723358537,0.5866246847774497,11.27161691832598,0.6442218930305313,20.210187964481037,26.93298867711145,1.6871874482121039,-1
10.29846,-1.48168,0.9907000000000039,39.8772,58.0025,36.5682,80.5758,81.38929999999999,87.428,93.078,91.86609999999999,102.4414,96.37299999999999,99.8097,98.82679999999999,100.5649,102.85390000000001,98.2085,76.6584,99.0591,95.83840000000001,102.2662,86.06710000000001,54.2772,-1
10.04534,-0.89564,70.40541529484277,28.543676780007324,39.13304040609507,16.077164611850062,42.142726675012156,12.173981594303736,4.069247149490667,12.254589587119181,0.6763901444933279,6.453554731272382,2.9538217449987942,0.9233754989146414,1.567206448775703,1.9753879761950728,5.554872313977751,3.305259468298524,13.897781641917424,11.192123082740663,1.2739387923232477,13.273836083640148,3.2597187001264314,31.487913855337307,-1
10.04534,-0.89564,0.9233754989146414,1.567206448775703,1.9753879761950728,5.554872313977751,3.305259468298524,13.897781641917424,11.192123082740663,1.2739387923232477,13.273836083640148,3.2597187001264314,31.487913855337307,70.40541529484277,28.543676780007324,39.13304040609507,16.077164611850062,42.142726675012156,12.173981594303736,4.069247149490667,12.254589587119181,0.6763901444933279,6.453554731272382,2.9538217449987942,1
10.45946,1.18116,110.1635,107.22399999999999,113.1524,117.6449,98.4663,89.5249,104.0256,93.46610000000001,102.0848,56.304,68.3545,5.993200000000002,54.4776,67.4689,52.8417,78.8973,87.6644,92.7562,103.0495,97.7945,119.25899999999999,111.8794,1
9.22926,-2.03668,82.17639924262201,37.962815669313244,46.39437928545232,25.669159352330514,45.72095135298247,21.251447581802424,16.31376732407073,14.378672616259767,1.5011794881241955,14.87367572516453,2.475547485421612,1.2979806688303352,9.24300077188485,2.8471191763529893,13.717327162316684,0.9025346213141466,19.923888881581817,13.569569343418559,15.669113782773005,41.08855400471473,7.458585262194614,33.43299137244745,-1
9.57978,2.2368200000000003,77.67553944577274,42.07716355932991,33.347191521031725,41.65676660615553,21.632029767004873,13.45275160420731,15.608986056447856,1.0345000923154062,13.627331011639201,0.6543006859310049,5.589403472901537,2.715253087732656,4.17889337135521,6.211889197721527,0.649740046629357,12.545045279043562,20.96412200282019,5.287017838550232,10.500729149212182,3.0142520971272737,17.522459778478588,38.86061762235891,-1
9.04744,0.7845,95.0804028128996,42.785115357323676,47.051845651665595,36.19942465651145,38.294363614792594,23.439932782102378,0.5655617887662385,9.475299334576778,0.4698923476542916,0.3471700890799798,2.9626228552733824,4.199185576025815,4.200859885196343,1.3083559198923356,0.9444021492903057,1.0180055231733742,21.434515873952638,8.664024851548835,2.7541464945484275,13.719362357915587,17.619136712216523,32.9434705315794,-1
10.15578,-2.45818,97.43432714850277,45.28215725403136,50.99994688468032,41.19776589786455,47.643112193606704,24.118882294730685,16.314693819505404,16.112616913332502,1.488461126703602,15.66261408661583,0.12902965750753992,1.3674516995802195,5.187952887440193,1.2055703501197934,15.670587265222727,2.703182944639764,22.740021964530104,16.10854745992741,15.755554086840494,37.07302029177214,42.69188928790346,39.8276674954034,-1
8.567440000000001,0.039779999999999996,92.94543338381291,41.947838505471225,41.8727353236506,33.89641496942233,36.96270020766176,21.194934682803275,8.342609671619963,0.7131411673895571,1.0921391742509188,1.2546857772345754,0.49167989196015355,5.330659630171938,3.9058709753467062,2.516754948904053,1.6090989752394238,1.8465136382764216,19.27013687049757,1.9847780466610254,6.759900082550413,20.569430554086416,16.0178514998673,32.43054396270417,-1
8.51684,-0.30372,9.231699999999996,31.935900000000004,44.5951,25.616400000000006,65.8642,58.197700000000005,66.5348,81.0102,69.6682,93.4088,78.93690000000001,87.3088,89.76490000000001,82.92530000000001,91.2267,70.06830000000001,59.9491,82.9131,67.78380000000001,87.67869999999999,48.403800000000004,54.7153,-1
9.52376,0.33114,47.52967337497993,11.680491162833999,22.87871409894385,0.9901929334398211,27.32494488626887,3.7442934280657356,11.001278079958873,3.600570454814868,21.196701619421614,0.21809253584687144,7.284327212152754,6.749011012580139,6.40687008710671,7.619450000512666,4.79885809146309,21.01887697817019,4.103811349962403,2.1657046393735286,11.850873622179252,27.925950528597053,16.533750017363985,15.940724356839114,1
7.46466,-0.84396,42.23573661557752,10.02652028390965,20.621578516961808,4.594924069119715,24.961849967338566,1.7173413518596743,9.166505466181782,0.03452034404095256,17.180058400047614,6.602281957831884,10.7824014299747,6.4153743708953455,2.0652292422168355,12.227925859552508,3.9107555004313745,13.395677077217254,0.5863706165515326,1.7222725691054392,9.932774817589193,29.45190340043676,14.360186537329856,13.861357920650212,-1
8.99044,0.1488,5.413000000000004,34.8585,47.6519,30.281399999999998,67.3042,61.6361,69.2147,84.8197,72.1437,97.2827,86.53229999999999,92.3691,90.19409999999999,87.5778,94.3659,74.1769,68.66579999999999,86.24109999999999,69.7895,92.75219999999999,55.1451,55.8576,-1
6.09098,2.31812,35.28482755442379,22.853938020686464,11.060202216726822,32.35243956283886,8.532543316147454,0.31061372164284967,14.755806592630677,7.259479476431073,24.037412649074483,13.361790527517748,0.12861552475827284,2.074855382380088,7.1532939037359276,2.8736851593882276,14.974400270113215,20.507416507434936,2.9323122432071322,9.675549168622195,12.77051246105852,6.922304673363728,37.066762380515314,14.896207743370123,-1
10.45256,1.7223600000000001,1.280300000000004,46.4559,57.6471,47.349199999999996,77.1603,83.9089,71.2597,115.2324,94.9099,118.3951,89.9581,111.5966,105.1521,113.3815,115.4375,95.85849999999999,85.1248,91.924,73.4679,96.5019,53.7223,64.1542,-1
8.84918,0.49396000000000007,10.108899999999998,35.2224,47.8164,26.1385,67.7165,60.445499999999996,65.0149,79.184,70.9215,92.2362,81.4239,96.0026,92.19049999999999,83.1374,92.35470000000001,75.7849,59.3977,79.3074,65.86189999999999,89.11269999999999,44.8328,54.1282,-1
3.7002,-4.7634,45.77044597399674,21.092084736506003,30.634435709448493,8.854436655335682,41.01001283884955,17.63860682604309,7.942553143544092,24.507501846482537,5.0713945145301995,39.724317900554354,1.59447730240999,8.196936710958868,12.002809879361081,7.455468328921178,36.180513815685444,0.2362369666172736,18.226335566792233,27.973213422047486,8.122176638584689,53.25800496844852,9.62191570171587,23.654768868210354,-1
10.26288,1.88108,95.29232140978496,49.66007416488935,46.00655588607583,43.87631206956015,39.91443726754,23.0897564506702,14.605944549771628,13.196971849365507,9.67420646351187,0.2503702458814872,0.2882968308891709,1.0732012397782635,4.958323525837257,1.0820907679737302,1.5183091051113644,11.366849177660644,21.250941048927945,11.786008664920091,14.025637938155791,23.741407120320176,39.46660280847535,40.628395133954896,-1
8.7997,-0.8303,93.83283677066382,45.22398472408549,46.214438427626234,37.050214237815794,39.65560535006039,20.473118898187103,7.361555980931585,10.319169703341464,3.9034390421360277,0.4160296937185036,0.8598769218825141,5.946174373205022,2.628906224851014,7.012950305976563,1.2375717793936738,5.938347277771995,10.425463147870634,8.652739451734417,15.049058771878059,27.853427083639218,9.703312662995335,31.526501298215855,-1
9.701,-0.54882,6.339277881986887,5.469181674553394,7.658768418582803,17.61988532887465,18.56597640017401,1.5199260433432578,7.4338184233559055,5.656663249844038,11.201983945800395,5.262294085050267,1.299294821960258,1.6414961799617767,1.6085949772541537,3.2504934166600052,4.657807841774145,6.970761914759847,0.6953718702495933,5.414308106421004,4.468370039210299,24.19630349221349,20.23765879515897,1.6442202302867497,1
9.45528,-2.68374,93.19293805842958,46.4296133905926,48.78520502524287,35.81375181495335,44.32426887989702,24.412668818857487,11.271269757817963,15.05563794321031,0.7538164262063134,11.412941233461167,0.6920587520960741,0.30110758145635796,1.1007119881752392,1.2933473388257655,10.84752505284051,1.2384137473147052,22.8479537278966,14.496142727343257,11.032470186027105,36.30825445603383,13.142817150855917,36.15677641217749,-1
10.30008,-1.53678,2.311,41.14,53.318,33.460699999999996,74.6584,69.6765,75.8326,91.5518,78.9578,101.23230000000001,91.5343,95.554,97.087,98.9512,100.9065,81.6044,71.5204,91.4295,77.3044,97.45609999999999,55.2436,62.7609,1
8.49264,0.55214,8.64354212537616,9.146702309657641,3.2464306674427985,20.443078701023186,17.139305213481254,2.270975142554131,0.5659472598950024,11.040987505318602,9.195578533077791,14.446663327799863,6.003025082630823,1.0761546234040904,1.5764431611464773,0.6465129044385297,7.821930160115923,5.768648049291531,0.8469641554054089,14.877106517954132,10.430722574864554,18.980870863074564,26.474032010763015,3.660840489458607,-1
10.311539999999999,-1.40818,8.51688005674036,3.083678593475171,13.139497102473667,14.54081509465416,22.628635232129767,2.558004082165316,5.695647793492193,10.130657876940456,1.1393646049225366,10.905581065860382,3.2227164430779967,4.303985114621945,4.152416760763157,6.400585951582792,10.262542175575776,0.5294672048509962,4.846149380983857,8.32159506906893,1.4171972850635315,13.734165223066615,3.2991748492522883,9.26655422207675,1
9.1605,1.36832,95.99051692484211,44.049081948052844,45.37723841226871,36.42243254105578,41.71965105695806,22.450099160822198,4.843105480538653,11.35862103751794,0.9179677374629432,1.8340295972806442,0.13315280170124602,3.798385100667793,3.2643653664517864,4.013150067716387,0.04662583375764923,0.6449076755927923,19.990244403395106,9.7474699969031,4.090946587069456,14.950108283956098,19.81697653153007,31.63291196100725,-1
9.4,-1.832,6.4101,33.6826,48.8342,22.269099999999998,69.724,63.9557,86.7454,85.186,71.9419,96.3417,84.00030000000001,89.8423,92.0617,85.1241,95.8546,85.68260000000001,65.0815,85.4171,74.2668,77.7612,37.0546,57.8529,-1
8.64472,-0.5163599999999999,79.99381608182182,33.292667344912545,37.259992818873734,20.83323292122154,38.38852807521573,17.795185709440883,4.409350052730677,10.489642960659618,5.481525303069096,3.9500555340650587,0.33915129689886453,5.051086490227141,2.3474044214889784,0.5253667243428718,3.06992365956428,5.801689316778736,16.217358825904167,9.037578950002246,1.894279199926937,28.710497351953872,3.6834722983175,27.38606176899583,-1
8.73424,-0.55586,45.12791610458859,13.687686651326828,24.073084072485138,0.7263482871091899,30.985808580884537,6.114700809981539,6.30067335280744,0.21464503611583627,15.256599554618486,7.00291110119645,8.666979293124877,4.105580329595982,1.4400010887879067,11.69957750670277,5.692451032386833,14.390810979842454,0.983359072075554,1.2968009168024992,7.321347658834652,29.798719083261396,13.022970484261927,17.97908064981369,-1
9.85754,1.5451000000000001,96.34045518619477,46.82990260709798,43.80962205522165,42.403764089137674,34.50200288455623,14.935078179716436,12.809944428344135,1.705649911832322,5.027350440631985,0.09849267181259418,2.369127272891907,1.1680446614768767,0.1461418726184158,1.2624862366162004,2.83453707717947,3.754125133965528,21.02758930989616,0.8773733231533394,3.901761972295262,2.8680203069249064,8.115929999956455,45.96787618295969,-1
10.139019999999999,-3.28438,101.51912426060882,54.14080911782129,51.939715283744285,48.01492891960705,44.43411818055399,27.609258692130812,31.7447806274572,15.863108524643147,8.409088791977387,12.271475716814544,0.05437272138782463,0.768904695030924,5.058977041438898,5.931286447197716,12.253623846779867,10.30946999782052,28.13223365501915,16.448965877234144,24.013233056854357,33.85165621670833,38.41562359245037,40.22689187246859,-1
10.39968,0.15636,1.714100000000002,43.52889999999999,56.37479999999999,33.2022,74.59389999999999,70.3744,56.23779999999999,91.90299999999999,80.078,103.8897,90.8768,100.2179,97.87549999999999,92.3243,104.0118,80.9744,69.0731,91.9726,73.9411,96.447,43.5661,58.3245,1
7.07758,1.25734,0.3898341428558025,7.278640734335425,2.8539969546472372,21.61564574781988,17.001224100037707,3.6452461587431992,14.039608085219227,0.18213956464099115,20.313565990224117,13.884677524488415,2.1977956440615767,4.388464251247345,8.334417479551721,3.9740602091863764,13.867147513151645,23.244189356140343,5.315080926879356,0.45904956997977037,13.878224979934108,17.667442734418923,25.77000186088921,3.273051770418689,-1
9.94614,1.3705399999999999,94.79281316114414,47.73713672312026,45.34827233997044,41.461386983338706,35.29595889309176,15.88505610776275,13.924647807114141,0.9728379793775647,5.569982253666602,0.4797413711134658,2.718972345595349,1.2555509323489669,0.583459376830893,1.0630998175936057,2.1707365351933223,3.7993666041567526,20.442567840848675,1.1128767684974263,5.208608117602326,1.64222880352393,9.471392535804714,44.82039826579676,-1
7.8265,-1.29672,23.535007074171638,4.581308712236598,16.672374951150733,9.603509567171322,23.640001821345493,1.488422186967931,13.624552511075056,0.3186742171042378,18.433541298750367,5.326217669757819,10.433195104354215,0.4675826857478218,1.5788281039308987,8.230813464245458,2.643707458359238,12.989746352312505,0.38826736671092493,0.08369522466218882,14.222123695096448,27.031930193115127,16.064600693701035,10.693965168507628,-1
7.17556,5.7121200000000005,87.76813887406745,46.823753621653196,43.510677525159835,43.543692365914396,32.65562386648816,23.82416370634726,20.970370466858093,15.864442647430346,24.283282435866063,1.0010741363347757,9.74732507211153,2.040147594573394,9.42154890966275,7.690961065595535,1.040038013530092,22.812019788402957,22.250413867008376,15.733017336337552,19.470478108633856,2.7489221932827457,48.328168257507905,39.02326181627885,-1
8.12758,-0.16024,38.06658274363559,22.160503141766338,11.648822031426201,31.57967784495441,3.9853592659304846,8.655700487393378,10.41476442762333,1.5081958571971064,15.537934236093056,0.7973402436921821,1.9352838003279,3.535329636716735,0.549952228112697,0.9485595705148817,0.2144833892356776,12.959204256145648,7.976657431924888,0.11451745431655572,10.295443046425817,14.478776399487646,28.569430776418923,8.537487566980113,-1
9.05676,-1.69734,60.16646004521658,28.490652087533228,38.16059132560283,12.976172870283985,44.48718316489187,21.31206395960403,7.775168580405609,19.556298382681657,0.04455317124562617,20.955634859412143,11.9338979878112,3.7650359305873313,4.091209945333763,12.771069541057681,20.382700424178598,1.9251237346232406,20.999974774559504,19.423002895543092,8.194064874066502,33.78030458672754,0.9231541257966212,25.313722717130222,1
8.9697,0.61776,4.699599999999997,37.4897,48.9741,28.572,68.8112,63.3492,68.2304,84.09870000000001,75.6701,89.23920000000001,81.46600000000001,94.5496,91.93209999999999,81.7321,93.2363,76.9854,66.1325,84.7643,72.6293,89.0897,53.1717,52.8585,-1
10.244299999999999,1.99598,99.10267308372305,49.58319421410144,47.38205535876273,45.579417999727035,45.0890609575419,27.266228119682204,20.23140704324574,18.290839316303643,18.502416034646846,13.399751426838058,0.1819660295852488,1.1317450882811402,3.263017647529252,5.901946787331323,5.436926347896487,15.813009666720212,24.850884959881146,17.555366280912498,21.573324431092672,47.21295080770553,53.411823899852806,40.685858912517,-1
10.244299999999999,1.99598,1.1317450882811402,3.263017647529252,5.901946787331323,5.436926347896487,15.813009666720212,24.850884959881146,17.555366280912498,21.573324431092672,47.21295080770553,53.411823899852806,40.685858912517,99.10267308372305,49.58319421410144,47.38205535876273,45.579417999727035,45.0890609575419,27.266228119682204,20.23140704324574,18.290839316303643,18.502416034646846,13.399751426838058,0.1819660295852488,1
9.3924,-0.5071,26.976986443096447,19.57263390280132,6.569009116737819,28.876500913624977,8.173978220612788,6.848738582429469,6.859051213106785,2.7747561990468563,8.991295684785669,5.541796580025064,0.6446230591162213,5.427818817980022,0.6620306412421557,1.0093685928001854,5.561065492513063,6.602787559271372,6.424897747882117,2.348441973824734,5.76977779570066,17.575176029662963,25.72797759152363,8.83154706502075,1
8.77342,-0.01494,0.7115999999999971,43.4167,55.592,37.6252,72.635,75.3038,86.8503,88.8648,81.4478,104.9768,105.519,98.90809999999999,88.31200000000001,105.3948,107.84729999999999,84.15090000000001,77.8553,90.0036,86.0427,104.83500000000001,45.4367,56.6886,-1
6.99564,3.8132599999999996,71.71265669721903,38.99433462680264,30.741985675894004,41.45534812588414,19.839443870167987,18.135752836516147,18.641858421321217,14.139843128795516,26.234929747741422,0.08655974282468396,5.327043809996666,1.6700287746553553,10.056056945217081,2.9712334749357128,0.741325616006713,22.71081618437272,25.12152416263174,15.711994767861919,17.095261684171298,5.041795057651651,54.16981463168942,39.55174014854211,-1
10.395059999999999,-1.68354,2.2606000000000037,38.082499999999996,52.8664,27.176699999999997,74.4276,59.5425,49.8974,76.79209999999999,77.571,102.2761,91.5249,95.25569999999999,98.2986,91.90199999999999,102.1142,79.8064,75.5431,79.446,75.3998,76.2964,29.949199999999998,57.762499999999996,-1
9.2599,1.7201,0.7190999999999974,46.4354,58.8166,42.474500000000006,75.3527,85.27850000000001,81.4302,103.8768,86.7942,102.5642,99.3247,101.6328,99.4019,96.6234,102.90190000000001,88.3065,78.84100000000001,97.5293,89.1339,100.8364,74.7796,49.6743,-1
9.62578,3.03474,91.27801499375393,51.10131119583801,44.56394750136336,48.77118813943262,36.974831230380246,23.605062156276592,18.20369272067915,17.69667112120771,15.813714461476492,6.239449065223064,0.9539982248602855,2.120562962695532,3.870999422656357,3.037835304884376,5.695687138908126,15.9989819369092,22.255954502935676,17.75107326170106,17.627388178052463,23.684649561436007,39.88188263171231,38.938300169895825,-1
10.302760000000001,-1.4173,5.1055999999999955,38.217000000000006,56.071600000000004,34.9011,78.0056,78.7824,86.62610000000001,91.06290000000001,90.9416,102.66669999999999,92.5172,98.46340000000001,96.0659,95.8704,103.6368,96.8619,75.8379,95.0487,92.19480000000001,102.22890000000001,92.504,54.043400000000005,-1
10.302760000000001,-1.4173,98.46340000000001,96.0659,95.8704,103.6368,96.8619,75.8379,95.0487,92.19480000000001,102.22890000000001,92.504,54.043400000000005,5.1055999999999955,38.217000000000006,56.071600000000004,34.9011,78.0056,78.7824,86.62610000000001,91.06290000000001,90.9416,102.66669999999999,92.5172,1
9.732380000000001,-1.84064,67.0567807893785,27.379485280197475,36.36649969217051,16.41078340716567,42.54375840119232,16.522840945711756,6.922101910820687,15.676510040712955,2.234628129239714,20.188299913760954,0.6044436008824671,1.243326221298345,5.007173214181922,4.247099973624525,18.646339222311013,1.6264005878919205,15.723666524459263,15.796844015173939,6.341113131849547,43.395740272158136,1.1932994384613653,27.5903023740118,-1
10.423779999999999,-1.6331,1.5226000000000042,38.909299999999995,53.4364,32.042199999999994,73.9051,68.6861,77.8085,91.83579999999999,78.9996,101.9365,93.0184,96.3674,96.6934,96.15549999999999,99.86949999999999,81.1548,69.3561,92.00829999999999,78.04849999999999,97.8582,56.7688,62.937999999999995,-1
8.35088,-0.37626,30.688911330375124,7.437336545419685,18.520589948009622,7.108773179422269,24.45023237446323,0.4379388782256935,5.711300523443151,0.91688085280163,15.71618203644053,5.059297809911737,8.534433169164114,4.712004948313508,1.250420430589611,8.548316141930629,3.543905208160883,14.130563887101411,1.1127892564615114,1.5263504039270688,6.909107481445817,27.33158267780275,16.228810576178194,9.870688037739868,-1
8.8896,1.0949,5.0394000000000005,43.9384,56.3227,38.7589,75.1266,72.66159999999999,92.86619999999999,96.0914,84.8557,104.38140000000001,100.1821,98.6045,93.14789999999999,102.45259999999999,105.0925,85.2385,75.6301,97.9813,90.9324,98.4784,50.071200000000005,58.4337,-1
8.2487,1.2689,81.04747167777016,37.83491882898026,33.99662253771918,37.74470013324794,25.872320754586063,17.909544609145517,9.235743575785321,1.1595892110366202,6.06588934661223,5.953140802008572,0.31239792933156313,5.334865311647136,3.5273765487877893,1.15769062897237,4.342740192661406,5.277055297906441,15.930685432317134,3.7158658131216384,6.973457043651467,2.7564179555106962,30.834705070442915,28.021852383034737,-1
9.23468,0.7763,79.12262182961867,40.13729669430545,33.18183751732495,42.618318779503305,21.2991322759718,19.811238760305983,7.6248213523035435,5.600094915928296,7.834741703030594,6.2185283217547624,0.5455917422881859,3.4929853181456294,1.417576815692693,4.315801640540633,5.02993929848387,6.482479029493739,16.27478270739982,4.3861705568084455,4.5951689003880425,6.058275301637342,30.541837370796966,29.57586842180979,-1
7.8685,-0.4566,41.31393991485628,28.036813392860058,15.719096685245763,36.25802803817178,0.7143261911273583,18.221285914178335,11.444631920636978,0.4617950391484876,10.208303320336883,10.92534655938008,3.6873710016640975,3.805507264769507,4.347062163764732,3.6292036475873655,9.57228636436773,8.82076035679688,16.08894947984085,0.15845109269202762,10.717472125622818,10.732159377805253,25.164979158366883,12.262691066308507,-1
7.2174000000000005,-2.76878,47.224988817338215,19.2349805159782,29.91216784280062,5.896894612248133,37.98978905976169,14.598753033897973,6.792157042720115,18.853139112120203,6.2712349346661,25.605435182799763,0.760059041146143,4.377688609334436,8.545285067345223,2.801286419993104,26.093604847407587,6.3294784677160525,13.344131296107193,18.406414168566723,6.1596119382368215,41.17941765055552,1.663640012130693,21.27446678511329,-1
10.15074,-1.61996,0.7280000000000015,38.551700000000004,52.031600000000005,28.114700000000003,72.3972,53.5431,47.2338,65.45320000000001,56.8906,98.4914,92.8893,94.2873,95.8647,95.5778,98.1369,69.0613,77.4067,89.02000000000001,62.694900000000004,73.1495,30.290900000000004,59.2092,-1
8.477079999999999,-0.71516,36.43038037343799,12.232758016152571,26.63197996654456,0.02642774280811563,35.8329505874345,15.093476721682045,3.6463734570936133,26.6977952536145,0.03444191159072221,20.4975520868359,10.948971314821849,1.8524765204367013,1.693130472670856,9.42343824994204,19.14771448882261,0.5567943445676091,16.703983543896737,26.79400891850218,6.181245261245487,35.35845379352953,10.757995612492323,14.69153877382309,-1
8.74942,-0.38726,51.80897854939704,18.267820863985605,27.391830736594272,6.458469535093071,34.02841888306103,8.959780867139774,5.710040396468107,0.6259913939865932,13.210281787316111,7.031338191275215,5.935056817341809,4.070555314412094,0.41234857654381224,7.19216864890137,5.27250428402956,12.961098553395823,6.384820213892689,2.139224706138148,6.0789811085011625,28.064534552406762,7.2005187464824,19.424083317835002,-1
10.1708,2.49152,98.5640284131067,50.594314620824726,48.37150882877146,45.515474297886286,44.00361975769023,28.02456518620256,16.75918175014876,27.37270058578999,10.039449663071407,2.4251178909054376,0.3175569719543622,0.9414985951044054,5.373844268103477,3.7846022169623694,1.23744837487212,9.53655144350625,21.07767005866172,16.393129076494965,18.942695392129647,27.42393008899607,37.04553374573949,41.945973071346785,-1
5.5471200000000005,3.8771999999999998,56.936525901962575,33.84729875161744,25.697237157013227,40.95063249299045,19.443913432360784,31.62167742483907,34.85545074211731,27.311208000914586,30.4645933878595,4.4584593849615874,0.737529913077968,2.432867474122092,10.350907177660407,1.0597433648873331,2.047922813916345,29.77991395858341,24.3774896503441,9.076024361863428,34.996924088625846,10.988018100290335,48.73602650349786,36.47060731166999,-1
10.324819999999999,2.0055199999999997,58.55553930659298,24.709436229202815,34.53169562920784,8.946324145657204,43.92839182514231,15.929624949463053,0.49570856289997733,11.038400653940402,5.842624504054091,9.542614388309257,0.7473863110225867,2.1669817704006706,3.3275172180158115,0.16523291545413274,7.654180646148123,5.135815179175652,14.757286807810257,9.954604530293288,0.30739582418859956,24.919738434365296,6.3608101963832535,19.49630887814348,-1
9.98206,-0.72454,74.23782995417166,34.82126746787893,30.224140622965237,36.34973328363646,17.103149498960544,13.654953287495042,6.922948352827431,3.230683045976634,0.20867098335380493,14.491106450235385,3.942674658024217,5.238225930686676,3.0723810689626965,9.76753384502189,11.140793788917119,4.258231031629389,12.246710320384514,0.4993602422227866,12.559189057105225,2.83557452564871,32.00100224864314,28.735978910925187,1
7.2561800000000005,-3.72354,76.01037172914025,34.51703081123429,41.683253249286054,23.20853669910488,42.926171580646916,19.662352656353097,9.482341212152132,18.891339621679176,1.724404036455073,23.67341273442315,0.03141839160371537,0.6482302792844045,8.885527066896543,6.262031022967251,21.951565347154204,4.188421440566172,18.181087965927713,17.56172134761076,9.221670128603897,43.285716652754886,0.5486035105220901,33.58662703859012,-1
10.26884,3.3324,102.26759814061698,49.488280549060676,52.8133400186919,39.42074330221264,45.08071438465787,26.070115733791855,14.686471758138019,13.285742328380874,5.336130837911682,0.6525567946243106,1.7291652206580852,0.2954074327896862,4.746900745826752,3.089615749573809,5.019465033617293,4.603491543648589,16.445159327554055,21.481350564058832,16.398272532044654,12.999601485391693,34.08755240377431,40.93053268820678,-1
6.489579999999999,-4.68052,63.358021158560526,28.852801094998803,37.836620814020264,16.082762009376054,42.95011112756925,19.520155615219117,8.79795025968355,22.405264643072957,0.9784949083997929,32.74013826396562,7.848769694965013,7.182153989569869,15.023356768768151,4.762055324068559,30.29346850113432,2.0153296182055853,18.944666990287846,21.28430245617362,9.046246466589723,49.72503365019674,4.899978226592055,29.496523754303215,-1
