5.20356,0.28552,4.057475413516495,6.0451018163404395,5.201325147388123,19.748746506694463,16.687185429347604,1.9359158789062854,11.14930561365251,7.833602188526474,22.014324576663487,22.058881471965588,0.7731648695014335,0.12588132219030498,4.649055177559368,1.1169508779607284,12.984043739334515,12.602126083580211,1.0329043552643578,9.595374380224259,10.86729979300135,18.905597523059456,22.59573971232572,1.4914772165142307,-1
8.53494,-1.28022,76.88845610088809,31.196743650470705,62.545826226228364,18.470447891755157,39.288459713306864,1.819895704873362,2.222109003280995,11.860207429713808,4.9348431411364935,12.093865747364495,0.18284130265014018,3.1422406635388915,0.646148397933687,1.9283326893153143,4.743852125165607,12.275272139327361,0.7547598881330974,11.189539073943513,1.2333145843096371,38.01607005838063,13.392095164358368,27.67731718899124,1
8.77514,4.49476,93.03515241722447,49.47905017042073,47.41166553824797,45.38681455653664,36.3956604818045,25.629727532612367,17.850957549852442,17.98440745878607,19.941951848061265,5.327654892272201,0.26119254702922673,0.6584804258446078,9.073560286642964,9.826706427884385,16.50195096551406,7.927822282691786,13.558184320834945,9.609696362031393,18.69713533247088,25.34490186839207,44.11438398562241,38.01064962313256,-1
8.77514,4.49476,0.6584804258446078,9.073560286642964,9.826706427884385,16.50195096551406,7.927822282691786,13.558184320834945,9.609696362031393,18.69713533247088,25.34490186839207,44.11438398562241,38.01064962313256,93.03515241722447,49.47905017042073,47.41166553824797,45.38681455653664,36.3956604818045,25.629727532612367,17.850957549852442,17.98440745878607,19.941951848061265,5.327654892272201,0.26119254702922673,1
7.54398,2.84376,38.96150465336319,27.431627827902958,13.198557602677798,34.68791223081131,1.1595990224858934,11.452445744747504,16.46251622893383,1.9156971137225751,25.72490692562976,9.86219006609578,0.5298794188958221,4.86942028670665,12.312847511994306,0.613784125475412,25.093932965972588,9.028880841602598,7.089958439945921,3.679312821070039,16.658926656120556,2.174725748905982,36.60376709059599,21.027224094497544,-1
6.99914,2.59172,31.93691322370717,20.384432820192497,7.829602367117033,31.458459586855668,3.073257535226069,8.338410279527071,15.32874919011336,1.5488503048388558,24.895968056334386,9.87943209425815,0.5528518550870091,5.109193100927018,11.3289791658849,4.492674030774263,18.865707465355644,1.7146484859547306,6.951353773214918,4.649012949596823,17.66269581801701,6.1404444615247495,34.568936750731616,17.512020885351337,-1
6.96552,-1.6862,61.05569023507729,21.93802177035858,29.67055643296254,9.715475767649453,36.714269704000635,15.264972608202465,4.292980969834208,17.097383704957675,0.6532356779212852,17.19119670418761,0.27242524006611485,4.346386295218499,0.31512997895884676,5.8914291424315435,1.968912599589889,13.997727047651772,4.18673919554487,16.608193253172953,4.119694522802639,35.130149340942005,1.0355559345446417,20.422142888129294,1
8.007760000000001,0.13386,30.819794779321064,6.605828904647019,17.630211327889302,6.65922921611693,27.817681209444757,7.642123401717404,6.162264283935674,13.713067441367144,15.469429949551085,12.752436665288613,0.04577649782137403,5.3504959823334834,3.9882925084573704,1.657338822388642,10.476447028469554,10.511323323167538,1.1738824547385105,10.182458542763031,7.616619905294091,28.77888806562276,4.7804185525942415,10.082183564180312,1
8.913599999999999,1.5584,83.00997527198224,45.65992198954635,39.154386290938895,45.16852232265857,26.913157210677834,37.44880424506845,45.34420462203096,26.3787608119322,36.76102275577127,2.918687510038748,0.3045751573317004,3.7717028408433073,6.0141604889002505,2.3118350424378504,8.854934428104546,2.297407103354544,22.441119371531563,25.113250576979624,34.26061026237063,34.77750080713905,55.98570359773115,31.08630640961155,1
9.827160000000001,1.9928000000000001,0.10949999999999704,48.4361,59.5324,47.203100000000006,75.9225,84.6314,88.9339,98.1036,89.4765,114.4736,112.1667,107.5137,104.8524,106.35759999999999,89.0855,113.5113,109.6712,98.89510000000001,88.82660000000001,86.4572,45.9362,62.0063,-1
7.86162,0.08924,35.0586440732929,22.36239420101678,11.307410287730315,31.329949660992344,3.1271263724136893,9.381952065414866,9.748157229685509,3.0989772387672048,13.114063080606254,15.50478247727109,0.37257527642072136,4.8798977743954355,3.049247041344899,5.643568084517149,12.530530852561668,9.785681230734081,7.052879074511676,7.967788003517479,6.273438153207636,8.80779100293742,30.353681576118348,10.811803115835655,-1
4.9602200000000005,0.10832,20.138632119863175,1.5325524539848234,12.339968900258082,11.186372037868091,24.447759941480893,1.4829003978048547,8.089954613995674,13.562704977261932,23.49089969635008,23.66458056963548,0.2304870808394977,6.88672709720768,7.038992826510768,2.4579505667547257,15.722570924841815,11.24212110493478,0.40933373200799383,11.688387859233707,10.28597105807605,22.542432563560848,15.903329235243588,4.552110104383415,-1
10.36544,1.74044,3.7316999999999965,54.4062,66.95139999999999,53.377199999999995,78.1194,85.7499,91.0452,101.5235,93.8829,119.36449999999999,115.07079999999999,109.71879999999999,106.7491,111.4076,97.0658,113.5003,103.6916,117.97409999999999,92.0495,90.5173,47.9332,64.4858,-1
10.44836,-5.78558,90.08293741463207,50.47600629305659,45.013966166345064,48.176611817962325,31.430187817894925,24.82324430018733,17.69259434663805,24.890585977614506,0.7953776971390565,0.33399701677099863,3.9633704015213267,4.988652961185337,0.8853209816891017,1.8182486902852164,0.9076680085116829,0.7971227905186961,3.392907131637523,10.232499894685676,12.368982882154473,26.653450471353086,36.16687555294813,31.309252107310257,-1
9.738679999999999,0.39492,3.891200000000005,40.3991,53.1282,36.5219,71.7816,73.2961,76.41829999999999,88.3406,84.6656,104.6619,97.08349999999999,100.1842,98.0007,96.92679999999999,83.83279999999999,103.64949999999999,64.7889,82.43769999999999,78.0697,83.661,42.6228,62.0547,-1
9.5226,1.2913999999999999,2.3624892177229437,1.9811252481873325,0.9307014014184646,8.408623633979609,1.6834530133899666,0.03295085785841357,5.224904078144108,9.85834624344675,18.010824350891085,40.66375058947003,32.41254657516091,83.6069042116036,40.79698402738447,35.322373692953995,40.05163529499847,26.79411563143379,16.597384013954283,10.120483865170998,5.5984928596400225,7.58132757952691,7.806037360746654,0.510770071536295,1
8.525780000000001,1.4597200000000001,0.8180157842716095,6.423243423711271,5.555752855339191,20.314635432036994,17.968287294336875,1.0050951430181352,2.563243268737109,6.868043207627788,17.829318159836994,10.846267965360928,1.2251704156927636,4.318428803823988,8.967728075153072,1.4436573431685404,18.22178477930441,9.708265543836069,4.776694656855476,8.128489112187207,3.127571698491647,16.638993542311336,25.70938893684034,5.834660723388646,-1
7.58908,-0.02188,28.398746220104623,8.644186571830826,18.409054820412027,3.9281850668538496,27.745729914352633,7.91742080881176,1.434726023027977,15.414738703590205,17.55944967150337,19.444528685648482,0.16749353677344234,5.564985701031881,3.7244040583863085,1.4504445485252613,11.477391091296575,10.912132966603409,7.349651763293094,20.33554005578949,5.505661202640492,28.096907206487657,11.170245982408485,8.563781718421527,1
9.34568,-1.6504400000000001,87.79666666798799,38.84677258558211,43.34641392435806,25.507748279676914,40.445545112898564,20.514245761517063,9.45091404053241,13.229064088571773,5.846606491197837,8.731324874997355,0.1785712165037028,2.064146992724487,1.5563638808328526,2.210665315805721,3.0712592767937315,8.955548737461266,9.569886013422739,15.643688608781604,14.317034056056306,40.426474945579784,22.17013131869265,33.299982557456815,1
10.35716,-3.38188,78.58384183714892,43.984632407787444,35.412018163251304,43.936045877499446,21.863696387489863,0.7314446356961255,15.686728486270813,2.9216266085728124,6.778233278415584,6.585545843131231,1.889953787848052,4.826699213186482,0.08784555355843074,4.086859179326738,6.230016832981776,7.91991162360289,0.7504674573035469,2.2993752732753334,11.005636107238972,13.656700976837742,34.90687687667637,23.164869094164757,-1
9.56002,0.84942,2.015599999999999,40.8026,53.708,37.5136,71.9808,78.8706,81.1993,88.6247,88.4858,96.1709,92.4373,99.6049,95.2202,100.4349,91.3158,105.08019999999999,83.4529,102.6856,81.1918,82.42269999999999,40.7905,60.5786,-1
10.12914,0.80892,103.621,97.97309999999999,102.8698,94.0265,107.7889,86.80529999999999,105.3783,84.4536,85.2683,43.6361,63.4242,0.8299999999999983,43.648199999999996,56.553599999999996,40.3592,74.8264,81.5779,84.0619,91.4777,91.48349999999999,99.01650000000001,95.384,1
10.40062,1.6523599999999998,101.97118839425654,52.051472857242075,52.60022775184358,41.58215484892028,49.46458345974163,27.25365806302249,12.023280504374414,21.13938765388193,6.155776919832836,5.055419030259608,0.8901835488772957,0.722585732024659,0.7464732878407183,2.298072868394668,6.7268825988855845,5.051670422162372,2.7870105271182934,8.029723598362947,12.417164353202146,37.21004390023428,38.66305555028168,39.46966188100681,1
8.61632,2.86124,88.04890010419102,41.93843773032229,39.589799882056404,38.62607725524549,28.48087029313869,19.49910046126035,13.967036237811637,0.7174885774248655,11.68458010228514,2.3908525626263257,0.21706333430155925,3.9161720281557177,5.035726493192802,1.8083889721683022,10.826293984965119,3.081991004468634,5.222620534539298,1.2038307918927116,14.582874384751184,22.175901234403465,39.767653494025026,33.06687571673677,-1
8.920480000000001,0.66856,67.5892282607373,36.88786981255245,28.02267131196703,35.512506881177266,14.1023518743072,12.34196584009517,2.4611494400111256,10.133634094659769,4.523133345730411,12.369296471256364,0.20671735831468357,6.20902255100664,3.6399978957892367,10.510300395087228,6.640825834187356,9.508484210056903,4.608073611262805,9.735454218191686,3.945770516899936,6.646251307260146,36.32489104423379,23.885475279043806,1
9.05634,-0.63416,70.28374840840087,28.876667476758474,34.87193743714299,15.541146549597157,38.76724683209353,13.625974004245869,2.2167016560300805,0.46023554019007573,8.887108651595364,4.943737827750058,7.428592533807815,3.5056785583559553,9.374312325429678,1.7857043730150362,9.244217950778452,4.441511396320706,0.6061853762314683,2.646468159008888,2.1494557358965642,37.674651737399756,10.95813779891188,25.193692366346333,1
7.01144,-0.5326,38.6947514154123,9.821362654415395,20.510835868020283,4.6380222913247,30.268309309887588,7.2718964905225265,4.778083802978549,0.08349850801522658,15.264697081494417,17.375555839861256,3.5448663238190856,5.827158858686019,2.8980633536017537,4.226357505958188,9.787615091358163,16.921186658756806,5.292036523956512,0.5818036229371981,9.991454784962457,29.75930552392539,8.668608580186289,12.06164569020093,1
10.47146,2.2011,22.732666778318183,6.608648724773617,19.541478801129927,7.337705735194551,30.32986050500689,7.432468259241038,5.494246795356617,6.226543607885799,11.551033603634012,1.1959584192015031,0.4101551186336498,3.3514446649266194,7.4588566101921225,2.636921775786161,12.40515624927152,0.3555673164605169,6.575159832992957,1.8878924758660975,5.85941128237019,24.45120821232167,13.43561228152922,2.944019575005966,-1
10.161159999999999,3.30468,83.85082382104223,36.15148123561126,43.514981563074905,21.85772669307218,45.68760008787649,19.48142967311229,3.3168179859544633,11.377534950213848,5.771475159753911,1.1946794843413957,1.2590383804517644,5.1804819460889036,2.3681219170311363,1.2110410959871132,7.25911283328156,0.7610394898146231,12.011240777728778,0.5608532433601461,2.112367066088236,36.32655414179939,17.648008849324835,26.679823627524705,-1
6.16688,2.0700399999999997,47.14140011433015,25.746834139498745,14.20412937512798,32.34012560190228,0.3246661421554143,0.9560028213752301,13.577460560986422,13.933557551513328,14.843931966576585,15.158192297977223,0.36862049677579667,3.338088175243057,7.009910321590973,2.430020163124186,12.998489109452715,11.205429306273103,3.6173458246408146,12.660300994778975,13.421151570253464,3.878897304074163,32.858414728982055,16.53764176473093,-1
8.7363,-0.47686,8.322599999999994,31.9548,43.6606,24.2289,63.5199,58.387100000000004,65.6964,81.6973,63.5648,90.92660000000001,80.17490000000001,91.1094,71.8232,82.743,76.35810000000001,91.747,73.0707,76.3106,54.8939,76.43209999999999,35.8431,56.6302,-1
9.17046,-0.1322,3.5743448324521063,0.3339813967703469,0.8768960737237456,1.5997318571861034,14.022568908406708,4.066383749678789,14.192203129719605,1.0151133813116633,36.41878197733337,4.320603034236565,22.004594833215723,60.63207143886241,22.378820738618497,31.580217564683817,10.074780652918287,37.351920812084245,11.42151773416714,1.5445023868655616,10.644041920478038,7.405555473782537,14.430771358647412,0.06376701487888095,1
10.03796,-1.4405,59.40469364674067,23.361085648825355,34.06160028106922,9.2184768361511,37.68974351338415,12.414096035888173,0.4624996453131834,14.477320636583217,0.13887221440326383,10.185727380833068,4.635105436069466,0.3656187382277146,4.215947197895443,7.914117379403449,1.3944118364222988,12.010485430031112,5.335376594046303,9.611408736662579,0.9329632265933453,40.44602242887913,7.428795132101506,26.20327940034262,-1
10.03796,-1.4405,0.3656187382277146,4.215947197895443,7.914117379403449,1.3944118364222988,12.010485430031112,5.335376594046303,9.611408736662579,0.9329632265933453,40.44602242887913,7.428795132101506,26.20327940034262,59.40469364674067,23.361085648825355,34.06160028106922,9.2184768361511,37.68974351338415,12.414096035888173,0.4624996453131834,14.477320636583217,0.13887221440326383,10.185727380833068,4.635105436069466,1
6.043480000000001,2.7016,40.30858217736977,24.254057931048187,12.334722881424781,34.69870435182642,2.451048253453699,11.079247628904616,18.811330544234053,1.349087516689845,30.764444961888625,10.29994162553953,0.15426466455989707,3.29267897725119,11.688252075333564,3.264829981410767,19.12107694192041,4.823107029034408,7.363179283843468,0.2937984006661089,16.498571666998373,3.561522471921909,33.534367402233286,17.901334014110347,-1
7.581740000000001,-2.59316,40.56340034460499,10.675928287499644,23.78891234295601,1.3726916499834327,32.12279365301772,8.53460488945723,3.0710342311913044,9.728906866365648,10.16448973633203,11.311753777032534,2.0006194958845582,1.3104271363731799,7.4524573839872215,9.232310846127408,10.816318113121921,16.955844760617012,1.075566289541388,15.141842857980754,13.047226051816171,34.75547123605983,4.300024304033782,20.143412791880856,-1
10.236419999999999,-2.52944,102.34487434783271,49.67461075737582,50.40784012991068,38.87709613773577,42.64751820261378,24.90288202084033,14.615390045699668,13.097928614262356,0.14291133335355743,8.0756180875054,7.249491560679551,0.9504947417642275,5.937151991886804,3.4140653527385423,3.3862854019627715,7.523549577900189,13.010719078969222,11.81649668191266,11.905949313754553,41.25852857460222,34.3320412539306,39.572307719999394,-1
7.109999999999999,1.53112,52.45800083191357,28.697988321606324,18.068605350625166,34.59803798372231,3.785522105495964,11.69090293778532,12.85114237712726,0.8168975890578976,16.557855766131635,11.089448741166017,0.8017501496053918,5.608941500989454,1.8552721805501162,4.589822032799521,16.549994622163847,1.5142541003615346,1.1761939872136444,11.688976914228522,12.595630305192335,0.8564671083014356,34.00921983955559,19.167864742960134,-1
8.98612,-0.7515,13.010617711313625,13.088827413682193,1.072662615259057,25.303691821540884,13.860704548297319,5.209979428120667,6.075556417424747,0.2955124987329855,10.915406262150189,9.734369853877588,4.5663218417780485,3.7200157998720997,4.816114153250561,4.802025047087714,11.647168389250272,9.321103637243217,1.2902674176899984,2.366795458545351,7.513107380327485,18.060937707831496,22.385490904675752,0.7408194517586598,-1
10.440560000000001,-1.01846,100.1918,90.0279,97.40050000000001,81.4821,103.337,87.62180000000001,95.5844,80.999,83.8364,43.395700000000005,66.4102,0.045100000000005025,41.380300000000005,55.6713,33.389300000000006,76.2296,70.97300000000001,80.3618,92.206,82.3989,102.545,90.8888,1
8.70288,1.03522,74.81001561842763,35.47338200654695,29.060457461370778,38.388582137926456,18.095372070189907,15.422360882917149,11.350074780642526,3.9875266930978452,5.509176330071553,7.22862511216591,0.275691500749382,4.157795717308145,2.971372560961596,0.9625671205360128,6.939940646126765,6.786572525967139,2.087588485556644,2.423706199255093,9.970535325728402,12.75076585416974,37.73640838279171,27.199827972724187,1
6.86524,6.401179999999999,89.3665471077664,47.91073735144396,43.49979818558386,42.76240301608101,33.04239056804818,23.9851771506537,20.84082489253582,16.11490978962466,24.48668492242886,0.38910725858098616,11.714901065909334,4.197369974259695,9.102542709934887,5.696168353263439,12.494519597306294,0.5936224372886355,11.225863076179879,6.207916205995155,19.34665550102323,19.30727597255106,39.29814026005311,32.98996434903516,-1
9.29458,-1.2360200000000001,77.63271556783015,32.579355247658384,39.16198807415827,20.879465845876723,39.93618615030137,7.1133407989520006,4.312052279882043,9.685139264691301,7.722915855986304,5.909545036420614,0.3447686775782324,4.516963531689962,1.0400213369273712,8.322038834795068,7.200606983838689,6.795283993849916,11.44581370601627,20.08693168727347,12.54085264300941,39.55033014591391,16.299481108008134,30.321897236789944,1
6.12512,3.3141599999999998,72.2168537065651,38.97185559705627,30.610267993964914,41.0476163289068,17.527813635595155,18.19972418369886,19.675690754667407,7.257390465585774,21.943727240177523,0.44173196694758216,1.788565980932536,6.172262877098192,7.312496989007013,3.0901319161502028,12.960501899583017,2.913046620115616,7.71264061721687,3.5131634791781474,15.395387752437058,7.617313623895505,37.10982322705057,24.248755650894307,-1
8.47678,0.97644,42.971273505113125,15.596572091155208,26.75921090130227,1.4142511217865128,36.54338097171121,17.095600059571193,0.4463250044017878,9.964618929417028,10.880440704615944,10.693615976861246,4.400759254330942,7.078542972850716,1.888119471399476,1.710188617802565,10.537600785348818,14.39301867515504,5.390855492868865,11.501679033862752,0.7681887412567943,28.411402640480446,5.881553521420909,11.778267646192749,-1
7.60796,1.8262,64.194116013738,33.73504525777302,25.135547890438705,39.508154284476305,12.191021599741505,15.091116252320086,34.48667574407939,5.282577546622763,18.112824461578278,3.694944120905353,0.08825661363672048,4.462025702937039,6.946753120232012,0.9089395565971513,12.288951437388576,3.919076612133632,16.33864080198054,16.955746138652103,26.64012200703088,7.452032131594558,36.91245296971965,23.829529615612767,-1
9.63648,-0.42619999999999997,56.47928191567372,29.434070557910935,19.892498051935615,33.97769984947068,8.482838436398698,9.246129772416845,6.150910848939435,2.2987933523167774,0.8959758021119913,12.466175745851343,9.020723622964038,5.764497963004283,5.9684838537584435,9.91480212122657,1.340910774110569,13.042546709713196,3.764666644711158,4.404368842357129,9.388379551112068,4.714202574631891,35.494079583507954,20.950455559346455,1
10.33436,-1.3576000000000001,0.34020000000000294,40.3915,57.8258,36.4268,78.5421,82.1879,86.7554,92.53139999999999,91.73159999999999,102.38929999999999,95.2242,99.31889999999999,100.0402,105.3395,99.31190000000001,108.9019,98.5842,105.1397,97.50399999999999,85.339,43.2389,64.31739999999999,-1
10.33436,-1.3576000000000001,99.31889999999999,100.0402,105.3395,99.31190000000001,108.9019,98.5842,105.1397,97.50399999999999,85.339,43.2389,64.31739999999999,0.34020000000000294,40.3915,57.8258,36.4268,78.5421,82.1879,86.7554,92.53139999999999,91.73159999999999,102.38929999999999,95.2242,1
9.4,-1.832,2.9103999999999957,31.9613,45.421,26.3051,66.5495,58.5793,60.7354,81.741,74.6395,97.7557,71.48689999999999,92.3935,83.7867,91.85679999999999,74.8984,96.90469999999999,73.1807,82.2849,73.228,77.1537,36.418,59.4433,-1
8.898959999999999,0.46121999999999996,58.77022821539111,31.041850109917778,22.16301606949314,37.53176465433468,7.7222436170881315,12.870075311884058,0.17954820723612827,1.7472385997132558,11.87487569565679,6.948398929810064,2.742806158918931,3.621501923803781,2.765388658427077,0.42982729217695526,12.080549530349101,6.43286059437521,0.06982341814686716,1.8010077816806562,0.0038121368974335414,3.8891988163186717,36.37801060016384,21.349962498816083,1
9.5163,-1.4598,81.49522639929037,34.43410643626404,40.81225618590939,24.134624158859864,41.42922702079999,4.93210497351163,6.600485487891853,12.31341739887233,5.079656196295304,8.805233059222497,0.6452539594033476,2.8776513059420012,2.514636875472618,4.3114003101664995,5.498962102327794,7.704736545646535,1.532162640303236,8.636481609428355,2.1336950971307456,41.666524313184425,17.886999621602545,32.90666146252041,1
9.04966,1.11448,1.887751751417305,8.950128098465733,4.306649579687675,22.749301691620627,16.875829304495266,0.4820438926397298,8.601796292056207,4.506376745933349,16.112553530333827,8.556639772435433,0.14775216812653535,2.9112726746658932,4.084190571729861,0.1871129442970959,17.245032742545,5.971355961040779,2.6788410599397925,7.3961681939459005,10.397945942318525,18.034006267603615,22.513655562857537,3.4153934347657646,-1
4.78554,-1.25026,23.289838389366547,4.487503209254682,17.324750818781602,7.723604441557447,30.10498000568144,5.894204253663608,1.7673401752501101,15.662251864601162,0.9309441892017313,25.757892695966255,2.5615854611985984,0.4620829903585187,2.5119724981518448,8.520434170056852,12.99412890936764,18.98372077351095,6.444670646557128,16.959112490017738,0.506403169453327,31.52690475971679,13.395541927479814,7.957891507359272,-1
8.59066,0.9355600000000001,65.87593053881024,33.689290213785284,26.699342608058593,37.94941545230181,10.92949064093973,8.815282065704707,11.047892456471434,3.173819107608201,12.500706868931172,7.415974012746819,0.15285086072997817,3.7952322196504826,9.826426327919112,0.30407874225560927,12.26923101938442,1.7022324313705457,3.951349156884572,4.56240935274164,13.193038607586653,6.9628149860270785,37.688645817029816,23.78782318104952,-1
10.233360000000001,-0.5536,100.3187,87.5613,97.17770000000002,81.9354,101.5446,89.8971,105.7101,81.16460000000001,85.8874,45.713300000000004,64.0445,1.8107000000000042,48.0497,59.095600000000005,43.583400000000005,80.9905,83.3284,81.6319,93.2535,81.12740000000001,107.72409999999999,97.2491,1
7.6775199999999995,0.83598,47.35164161272299,26.372114243888028,16.62695799382987,33.44618603460354,1.5732351499437383,5.4134786504893615,10.269633442295072,1.5676695397964973,12.862514996937591,11.862059526568395,0.5796248290547272,5.548311538003345,4.249744665749903,1.2514496955785257,11.727567462684874,12.219186774664495,2.6957615926212433,5.865236926874639,9.598496668251475,2.9136198895075167,34.20136634492014,15.909023277434708,-1
10.32648,-0.7917799999999999,98.4819,91.7493,95.2604,79.0491,107.45069999999998,96.5042,95.94749999999999,81.4132,88.0105,43.3818,64.5405,6.028700000000001,48.3441,60.3536,40.3301,81.8939,78.9075,80.197,92.40549999999999,77.9948,106.3999,93.1523,1
5.3724,0.18852,21.564347020312354,14.681565569267834,3.7313741338575186,24.419657695017644,10.248179071645415,4.136943121225006,12.099464072566567,7.431202289979521,21.943386197981507,21.319504459164474,0.0632180405312876,8.298053218119176,2.932021834044805,6.2788809160663135,11.537802284943844,14.638306793774888,0.0971336608892353,11.745379650023052,11.41598419529816,14.509695745422913,24.11253289665568,5.417601686739317,-1
9.4,-1.832,5.0092,28.320899999999998,44.3307,24.947499999999998,64.908,57.2916,57.4259,79.8376,71.75720000000001,97.3437,71.4961,91.39070000000001,86.1912,90.633,80.3083,97.9513,78.7448,80.7051,72.0707,76.6837,36.7716,59.4792,-1
9.14442,-1.51288,4.197889242651528,0.7530842099363594,5.227842041904098,8.589190784424135,8.485980327611959,8.596884111055896,13.15583320112138,6.3633391551358685,40.08179148905092,21.14269355213896,32.841319172335936,87.11041104642025,41.18492019825739,45.122520174020174,31.746107487264677,40.950167140586764,20.060349234103157,8.147190141276909,10.375100950182423,8.164970818852606,7.763189039159261,0.18584844376686455,1
9.02486,1.96448,2.570600000000006,46.2084,54.1315,42.102599999999995,73.57130000000001,74.0872,72.8802,85.87899999999999,82.8896,110.68289999999999,99.8013,102.4351,96.3049,100.41309999999999,82.2657,106.00489999999999,87.0792,99.20060000000001,79.8706,81.407,40.674099999999996,57.2526,-1
9.4867,0.8941800000000001,88.54194374245218,42.11070307455294,37.61926448857425,37.67116021908928,29.476342743196682,17.655656692365532,12.873160058321709,9.28819252002259,5.305992920907599,8.837126951890065,0.44627054351465856,3.785163414575294,2.5244147697972195,0.8190835371842597,6.098768938392505,8.149286794908564,8.451691256143894,4.836090489768484,12.64795767700557,21.429154753412284,40.38874511525718,33.596675460030006,1
10.50328,3.0448399999999998,65.19951394312669,28.11784416537377,38.85538809577257,13.421342714034418,46.0013721066114,16.790842608126557,0.951495526086166,16.06426585245229,7.455069550658985,0.9149987242104936,1.49010398676782,4.708015891731139,2.3632472389343016,1.323806548223514,8.71868721242911,0.7116799114049243,0.36971538676995486,1.4438492587802754,0.4278179209176198,34.19602804386779,5.713383207938148,19.810658603598284,-1
9.36862,-2.31082,97.41448147832651,45.84300585137581,46.267028884190516,40.95401265025855,36.51199957105043,23.399258492855754,15.267685786754404,13.885093037366033,3.132641436332528,4.799457841535389,1.8394880367882176,3.074343177341648,2.61706411774219,1.7270913727780641,2.5533138227302623,4.298638676358863,3.0846122721961597,13.344305716482035,7.314778470753091,34.33584402943389,31.70852422110532,35.66656012291238,-1
9.915600000000001,-3.04106,85.30890889146121,45.53638420761862,38.903647035565214,45.64298430537723,25.241123835290924,21.903984926290583,14.325873400709611,5.255695387204087,6.574741848861248,3.7647694702005117,1.5779424637227937,4.9502611281009035,0.7458765354385725,0.9335666231503404,2.104643686628506,4.071499029911346,14.163503616782032,4.592032904832787,7.074543376068473,19.95477476999011,36.04017827483081,28.18607637074111,-1
7.77572,-1.33988,58.93133055873915,23.078562274532075,30.552563354638277,9.915513497241646,36.79556468757122,12.700959167764612,2.3275725952919606,29.020669446300165,7.877359749922966,17.10920634792185,0.013787247664686475,4.847981077947712,5.769726671066398,4.52823241488336,6.395397504081146,18.22888459624722,13.220590658865303,29.144485749382902,14.425172341108146,42.68337123324193,22.867455050952856,20.591514026575553,-1
10.41972,0.80838,104.5139,71.15899999999999,95.0521,82.03059999999999,101.1782,69.4442,71.6406,46.5338,78.8783,27.7806,63.8709,0.16100000000000136,42.725699999999996,53.881899999999995,38.5866,72.6398,67.7588,69.30879999999999,67.8064,72.2461,100.5231,84.78049999999999,1
9.02252,1.96184,2.1925999999999988,43.1435,55.3304,41.7547,69.4964,77.8329,78.763,92.0824,85.7077,98.975,93.1885,101.5501,89.072,96.07929999999999,84.8237,99.0744,92.1286,99.5712,84.7547,80.6754,41.652100000000004,57.9962,-1
7.51262,0.22432,11.96363496204183,1.7903110645784381,8.347022828495332,13.808401313936626,20.943296795207402,0.7873398302671776,7.3291634196368065,8.794454523498088,19.903545640598352,18.58273125344732,0.24083702830293258,3.108922118084631,4.854574868702226,2.9059170021391894,12.40699853511643,10.19680296039981,0.9074716512354456,9.133290445158712,8.288695757932526,23.43231572183793,18.043186446159623,2.597252073782947,-1
9.2057,1.18724,2.530188346558018,10.116542081215,2.349732991263507,23.577147354123692,14.966543971894685,1.5732572071568305,12.135527991076431,3.6587831352381195,18.283552286108055,9.414119071652866,0.7772745347175847,3.0304547525978545,7.4439903228010085,3.63331009895453,14.504258656326462,3.8515152533864256,3.9707486652927724,4.8730279252147835,11.638409982602418,15.471536525258715,26.24055835680204,6.2253571882313095,1
9.301359999999999,-0.24262,55.65342403481053,24.147786143977072,33.14283721587915,10.486359642569541,41.54672229479366,13.643516518858373,3.199580103998945,12.390172461696647,5.647776545643575,14.55966522556838,0.10551888563961441,2.66706519080589,3.3608709238567287,2.872362241534636,6.24327079612993,16.242864518489835,5.331032038004579,16.083787241255862,2.6653472154648865,37.79964414760435,2.9293802995316747,20.481897822675585,1
8.70982,-0.06584,1.4121846629190946,7.131546647811533,5.295035350816653,20.50321734142195,16.64073026259102,3.659634066149894,8.805940328100965,0.08522905297759327,12.00458806783378,10.191407595091778,6.913587853725244,0.4645368865801978,9.042507866613276,0.1363151358470602,11.93779230314966,7.832563029856676,11.344791732666529,0.8943079454476887,10.303829828765592,22.038122801371486,19.287402097115674,1.3006940616448226,-1
7.961799999999999,2.51706,79.33418801205147,38.69279339352474,31.855048929090746,37.63240977395376,23.483057514439928,17.050594551833832,12.434362645422187,6.9524777674931135,11.857983084745015,4.630180858196793,0.5297858963769613,5.528053932264156,5.763476345034712,1.945856074328039,12.638075050492029,1.754393176552729,2.2763506377319644,5.457677847227811,10.118207268865621,13.998283481971328,38.14160684363706,29.36702915852939,1
8.50956,0.30228,4.818899999999999,34.504400000000004,46.269600000000004,29.6321,65.6411,56.9089,70.83070000000001,81.9594,71.9958,96.7603,83.7189,92.88749999999999,86.0819,84.1152,70.7085,94.8587,78.2337,82.1112,68.5681,76.8233,35.8239,54.976600000000005,-1
6.782559999999999,-1.48886,1.9791379494222014,8.366252338698281,4.065506172868601,20.29978217523523,18.392622141888896,1.2332190891025319,9.96174123166939,10.387553678904755,12.370218825661565,20.690242720267264,0.5183887774554674,6.7593715872834315,2.621272991383009,9.332071316758563,6.07110450144381,18.536976958267108,0.11987377478795697,11.328067127526225,4.152638317184419,23.261066199874904,19.050197222043334,4.455615234832735,-1
10.14922,3.5864800000000003,100.20410413833525,47.959170254828116,51.06694047277381,37.976279022955,45.61720740968014,25.33631172288242,11.35133735874687,13.218331712726938,4.414686869380747,1.0747067844355274,0.5577719471107697,1.1667190632985331,3.8239914407594258,2.2414836078156712,3.9688907905980644,0.9561348517138641,0.04106654811353124,11.707997436973997,10.464990617817545,36.19932428503099,36.99613190350822,37.886886554577046,-1
10.335899999999999,-3.39612,77.27395663081592,37.58688486602348,29.270595638783306,41.873886250566656,18.426459790431586,15.519587259982194,12.790696594786787,0.5199304649428216,1.276152599481791,9.139590740619532,3.519311685291677,4.826027635410424,0.19937952889159546,2.1202941456017608,1.2761912467983545,3.0503962959599287,6.462391340821584,1.4415557803455064,6.179525645421073,14.780140866497003,34.97397733466623,24.236643303933615,-1
10.10416,3.95126,89.56672738513289,39.97480032853038,46.681040006388024,28.03661061115402,44.79635958273266,0.9215293089189084,6.309554794975644,13.449917609209566,3.1914279997403665,5.352083515083655,2.815234056222975,4.5479260991488575,0.8148797619948083,1.5147619268398396,5.61962270792783,4.267853248393074,1.3768477775933912,12.500453928197857,4.6329983226096445,34.906592754120624,21.94815087103501,29.65710115885664,-1
9.9262,5.1954,94.42358902237737,46.44906341324181,49.591837248225836,33.990584456280146,48.845612288941616,34.219511912036815,10.389743125550538,17.81394180897294,2.785476273749062,0.9880509769234743,4.070133380499325,4.606979334147864,1.781573874722874,0.11950840524564964,0.6346378882888882,4.612680572793977,10.040269504461907,3.41979387420097,9.051905794823774,34.5510187002743,29.09359863839302,32.60851512147231,-1
9.4,1.832,0.1782000000000039,45.7357,56.8477,46.9088,73.0288,85.6663,87.2183,103.4332,82.3759,126.9565,97.2469,104.3423,100.0411,104.3382,83.161,125.8372,98.00479999999999,102.9562,86.7651,85.29429999999999,43.2805,59.7912,-1
10.34406,5.1802399999999995,91.01280447623427,43.77430657517483,49.84881102243453,30.61553265787842,49.5673531982629,23.98772890788071,8.409113072519972,20.27865403980668,0.9124468890252393,8.788948752061374,2.610565518532384,4.616088998808883,0.054404695410277856,0.4902345472924175,1.512892721453648,3.2814317555250825,12.588852527411484,11.824699870363377,8.849684526878152,35.91555338731042,25.347691606469784,31.059824591603924,-1
9.4,-1.832,6.144500000000001,28.4323,44.8705,23.508499999999998,66.0492,57.9728,60.5143,81.404,75.6393,97.7,71.5683,91.8561,85.1824,91.11019999999999,75.9408,98.5688,74.2872,82.1168,65.70349999999999,77.03229999999999,36.9808,60.0569,-1
10.0359,-1.5746,64.33368505865677,30.106262163485578,39.59591730523869,15.411115876742507,46.749091972711796,27.34824880894896,15.526857705920804,33.52423878256284,0.05262529370036082,18.341607036434418,8.969181474659324,2.8000503051486407,3.4193989553562583,11.490731266182868,5.049011922286758,20.192758376311758,7.900639521848553,18.791069885593377,8.573682928145098,43.2058558208571,9.43700096162312,28.250626582745085,1
5.781280000000001,-4.44386,65.65167061700653,27.90579351145097,38.057685273062894,15.041487581272934,43.421063035876564,25.172113886101442,18.35881842612903,31.80323192165493,1.519801731810025,31.23383116374895,21.844601703601413,3.413619502922704,12.707975894406696,13.961590833471789,2.780924982344341,19.957299246829074,16.699641376207556,33.55787412948953,14.456404325887847,55.371046352299736,17.646087071580837,31.743174390561606,-1
10.02322,1.3631,84.65257779467656,48.16785577576358,41.41119560578403,49.568686068491026,27.37980071851843,21.182661645123545,14.267899866129957,9.790986054810631,10.373803009359518,1.1137517829190513,0.25467311738683257,0.20627599339322,9.441154493331306,2.7896812834153093,10.930014810672473,0.361017254940278,12.804040949080338,9.385137475353337,14.593874087900586,19.53615976813833,44.740315064435784,33.059707158516254,1
5.5993200000000005,2.8387000000000002,34.81874307595177,24.88296177865184,12.4406751632592,34.55372848820948,0.03004803788435543,10.547032138092675,18.05289538195245,0.989660999018059,30.147952902371838,0.7173855332433303,0.41448463313255257,4.750188558143137,12.286014896042811,3.6012024690442073,20.911112769938775,0.5655607328114923,2.0029473374844846,6.199444178984091,19.185693909095253,3.475263243326729,32.193059281183956,17.647021267877236,-1
9.4,-1.832,7.749400000000001,30.6552,46.1411,21.5833,66.3322,59.6346,62.4123,82.4756,78.49849999999999,98.3751,71.97970000000001,91.8643,86.0608,92.464,79.5575,99.1528,80.8266,83.2062,71.4178,77.12530000000001,36.4895,59.2126,-1
5.16648,0.737,9.965370533408196,11.592629275907646,0.8535974878320866,21.025576442083878,12.268744785165456,4.0455253873101675,14.524788888540034,7.990145852728147,28.779537267541606,19.838707620490577,0.7973241112534448,0.756728581197774,6.044572626136848,0.8687361339960245,14.317609988940173,11.622895296048249,4.678735120604519,4.884055038879026,18.342549901330855,0.40553171493263834,22.921730262091906,3.735790775203536,-1
10.248940000000001,-5.29726,92.68838454582394,50.03189417982445,45.6743562279752,47.7180911948692,30.94482157967645,21.489556839031184,15.193738179090506,8.163714078364045,15.659990158553677,0.8428327920770352,0.6669317087500518,4.626393433890816,1.3063535253309653,2.9979317694311116,0.9992500238229572,2.9793560948575784,7.810311804196926,7.348304751609637,12.705640512512637,26.10161797353917,35.28484116783512,30.546917772772154,-1
9.660639999999999,-0.9218400000000001,4.193300000000001,37.633399999999995,53.523799999999994,32.0723,73.8847,72.0304,78.6188,87.537,82.1689,95.9648,89.1543,94.0118,90.197,97.8488,88.5826,101.9828,84.60719999999999,96.985,71.4476,81.4034,40.0162,60.0194,-1
9.936020000000001,-0.61498,2.0710597674730673,0.6222487363632856,4.951347725315615,3.4414222072043437,8.301788412868728,5.2341477325100385,6.037761790766993,0.26078056682014616,41.065270614157654,13.790750962733211,29.721429326533045,75.39329777305177,30.827981406740225,38.98834756581111,18.529187095887888,41.760982089129946,15.676433290645285,1.437890044294844,12.147549919931462,3.518889767982164,5.146492350422403,1.0294761443548301,1
7.055400000000001,1.3243,14.969717380158798,0.43706151706184926,10.61856237901353,15.1671172327131,20.791696246313293,1.1227643057689818,7.239288644888996,12.56709539695493,21.524288876231655,14.923736223985607,0.7812680229730261,7.192549595338623,9.178753983424993,1.7744746756945233,17.104930199114087,5.99658067782095,1.6387201748574585,13.95926331949852,8.907343162653946,21.476376362091475,17.761770599385173,1.5434827355006973,-1
6.992780000000001,-0.3962,28.881911313038184,4.4552405620229125,15.698612041772003,9.398446462755796,25.92551361754667,0.18341903440328178,9.329292542900209,10.238076735219847,17.26395353038232,15.311006331283503,2.7881630265591584,5.3300772460289965,3.552949743017462,3.372622521575987,11.016133073999047,14.074889334699323,3.5562234938396275,10.04140971356649,8.487772532752881,27.849436883847442,12.526498180885053,9.43079161267965,-1
10.308159999999999,-1.6726800000000002,96.89832791922635,49.991111050177715,50.36821171166903,39.56476765531625,45.38387782790997,33.46006253430026,26.833334079875925,32.85065750903503,2.550879603233079,9.520545225416834,0.10964330825136744,0.67116662360092,2.1978274854138484,7.412946068760702,0.6984031071509753,10.349787681893366,14.89565395673552,41.99380132305327,17.331988888558545,44.65844961831979,28.70575896000703,38.906460367778614,-1
8.02328,-0.69676,5.921530473666211,11.523142726686567,1.1816101269523558,15.166547259546721,6.164034870575076,12.418890994968997,8.306720233986253,13.442852891781511,32.21316526321419,2.0374084322904027,17.175797452261694,50.588154780201755,17.994590631018976,26.83517756787813,2.1868881615956832,30.44688724448397,7.774370609970728,5.4294734264140105,0.184526443080059,19.18093471048913,8.307036773774435,10.399225690163094,1
7.312220000000001,0.45324,43.26206902521914,24.19736073698094,12.32304008765237,31.003033375365128,0.7249669974432158,0.3363457890230169,11.430277404658247,5.657072030594749,15.115188455195751,14.450735740191776,6.125713463773855,6.248382150815275,4.052861647281499,5.956476555413943,14.748188903982719,9.982076366065703,2.636594478331108,4.2067260909311655,10.644846632523164,5.967829307099477,31.162811361863017,4.1462946098206945,1
9.942400000000001,-1.62132,97.37310579360768,45.07757136919334,47.17806635643129,37.96991629471617,41.4673464609432,23.973467115907653,13.829861040277159,13.663750418704305,1.9157064000700659,7.056412842600033,0.6237564868633332,1.2166391639393006,2.2917982335276124,5.083087197624387,0.17463480261589745,6.2354242607604515,11.441542680734033,13.317622814571736,1.3585768756649563,39.710291567453254,29.482567701055316,37.33790966248802,-1
9.80664,1.85472,95.67465389199783,50.00869387432439,48.49626446794765,43.394193967702904,42.503741824687246,22.54346762712446,31.002345518743578,15.211439139979444,6.911307577217792,0.5242778807183717,0.37080609073540854,0.5250766094518626,3.023388740326556,1.6764156505691974,6.652463314161113,0.8989209670389178,18.901960222118703,19.045126448853186,15.146365288651356,29.400393260186636,41.688200697171865,37.84284085431742,1
8.07188,-1.2000600000000001,57.77107933673852,21.56320408270914,33.57191717200833,6.583642912589379,35.17484604391405,11.24391762730293,1.1316968494821755,10.959635949594736,10.6420613904765,10.988757872756237,0.4687883664557633,4.680476730139748,1.766765707197049,5.04460944815719,9.524052122147292,11.841608503812965,3.5318712574796267,9.865669553149681,1.8981923939835492,34.893997056150674,3.6325912641343296,21.37578287735146,-1
10.461,5.48776,91.63641555444352,43.92549707664639,50.519428013873565,30.15527217682232,48.89486898578879,22.201251368817182,7.981100131608493,16.490448507147804,0.9278918669078604,0.3966414863953547,3.8451375632029534,4.777716453514036,7.239797747970983,1.2963290989405813,1.2533418832714893,0.3486001692888062,3.438184889282197,14.535895318019763,14.974380509027737,36.419214773403596,25.880050638177785,31.10197323627878,-1
10.24354,5.8540399999999995,92.43049977892669,45.26597463906062,52.57083562463019,31.793204315592273,48.53999417223361,24.465145937903095,10.882429790274221,19.595877818184924,1.5640587138073279,2.877249252768094,5.082226441002676,4.665424205996338,0.4673976617125874,1.2640909768866542,1.3569838487556818,2.9867944662192865,10.868931845573664,4.580923914449501,11.085825801927461,35.046342988641754,28.04584076554981,31.47876358603726,-1
9.11504,-0.7560800000000001,71.64962314266407,26.7545422211168,35.12814559963383,16.184965408735557,37.950027153250666,14.447071675202642,4.756927422075722,10.809100605767597,7.349749332682283,4.438921938604268,0.2875790708254313,3.116511148060487,3.4391476119438886,9.402346205854807,6.975202251920023,4.78012050132382,6.458246920723883,13.213393189575843,2.5344169689209863,38.38639845917753,10.862178120165268,26.432996652500684,1
8.75398,0.46288,15.53835354797067,19.683846631684506,6.553183219323769,32.669702756675406,4.956459962388765,12.163115045625263,15.447950550690749,2.34491926492556,15.690034265844982,0.17675152253616777,8.106797912261515,3.740313948168344,11.513290651071097,3.0502454015032954,14.587200935452815,3.133458374784348,15.309519732555925,2.3347068819864174,17.86481942288575,12.059024258606533,27.44782599468256,7.129901026113474,-1
7.5266,-0.9216200000000001,46.78141930856806,13.9890652907504,24.475757359148393,2.2295783124929445,32.682644377358216,8.469671558319531,1.861685432359694,11.306768593456903,12.39041405241499,15.078781065785256,0.46126123842074046,4.8485783897255175,1.763810927419321,4.753878888242376,12.372349476712513,15.106660251215159,4.217397893215536,10.56646263419288,5.313993508795568,32.445717469660096,4.04076789704558,16.153567611222794,-1
6.5772,-0.6815599999999999,36.72654630031122,9.937831930335365,19.588435730402292,1.999012781658551,28.208110530243943,6.484117735427324,2.777450783340239,14.385482244952604,14.985708788533238,18.98783593116238,0.18379418906624223,6.026453901664833,3.903680942486371,5.499544739956778,13.73129401197834,15.206712201137893,2.4380596229885385,19.77073442247109,11.802269000152972,25.31687862754794,5.509579208814154,10.169917445568005,-1
8.241679999999999,0.68876,17.50515397900256,3.8214212145613913,16.672664647275454,9.763518230622196,27.851346166424896,8.23472022282945,0.09486739579694227,20.016521138032115,8.867937599785515,15.856854822822767,5.164082465694927,3.199150006962944,1.9849851197514679,5.256310461416463,9.4486989233724,16.9510511826845,1.9674912327580725,9.927978577240982,0.7297143975294845,24.24575507421531,16.432307411955126,3.056141595156241,-1
9.27314,-2.0063199999999997,89.25474994066681,40.1165045969928,44.53446256986708,30.079030901723407,40.28753979604612,21.58022092050182,6.761468363392278,14.587732859433071,3.695157044199818,8.586302930216931,0.9058688811787854,2.6554484022912175,0.8483759646742893,7.397406240189515,2.5993880683128676,9.48457305337282,10.969979741429245,13.926804158483725,0.589004495189325,41.49261318014504,22.376295788463185,35.22151413581933,1
9.4,-1.832,2.804000000000002,34.1522,49.219,23.0254,69.86330000000001,63.5396,70.8501,85.2722,87.3227,97.19059999999999,82.66919999999999,91.8595,84.4688,93.887,86.03059999999999,97.9503,70.9597,85.67150000000001,84.4925,78.7561,37.2701,59.4321,-1
8.62838,1.55016,77.35789563685924,37.96280383828247,30.683261618689563,40.22469081932436,18.721670341795814,17.71629049187726,12.239115919518373,1.1654004765760562,9.345783376208175,4.911789494558041,0.2509030520139453,3.3796399926105734,1.7811574646732595,2.9988495034160683,11.016587261741043,5.888925848169914,11.326727092919912,1.7343023478605004,13.32805176255641,14.052239071404195,38.112919494344055,29.23604334124853,-1
9.33286,0.66136,3.043624880816203,1.1423365540088868,2.7275252465143014,10.37281547738338,6.090267082541881,10.106893816195276,1.5696440505953326,13.183763940458137,13.62433584872053,38.41569637491545,28.977272525345878,76.59205281988473,37.65676087812913,30.22127614299303,40.06907972656667,18.141862922747613,17.46315564832379,12.112728654536829,1.009236596063313,9.355418731208196,4.935968215186909,0.16992833724641798,1
9.4339,0.8198000000000001,0.4135999999999953,48.2056,60.979,44.9131,77.3934,84.6808,83.3475,104.8701,89.1858,105.45320000000001,100.9157,104.44900000000001,94.69550000000001,99.3524,89.5426,104.286,94.9349,93.505,92.6253,84.6071,44.532,59.1614,-1
8.866299999999999,-1.1731,9.139499999999998,36.0624,47.5649,25.177699999999998,63.4458,59.0988,45.498599999999996,73.218,66.57079999999999,90.6771,78.74289999999999,89.0164,80.7756,87.2636,65.9516,91.2401,66.9524,69.5027,44.0975,76.9837,37.6203,56.6471,-1
9.19182,-0.80944,2.8574232554732553,1.1789890558704856,6.6987395621697345,4.164156935518586,11.706814387053294,14.216162197274024,31.618646351233064,17.27002502307145,39.22542041376222,11.0498492512956,26.601985199046187,69.63147512829009,33.22610940430798,41.81828195015106,19.347730807883313,46.0990720674684,18.293401063627197,19.677525727293183,24.31499218990987,4.7162566310753276,10.591810027093825,0.12409577282495196,1
9.5182,1.34488,41.442232527020906,27.86601497469671,16.67536243281747,35.152891545777,2.6188681792785755,8.52336964836315,21.19162694313983,0.49002358394119594,11.234450347795283,0.44338251712963656,3.9188487262922265,2.700438622971095,7.463152148013889,4.080111824435432,12.253458190919241,0.3236942571524176,9.11054271077049,4.5156055851726284,15.453919385016965,1.9375468188740594,36.0233188736655,18.37502314545727,-1
9.4,1.832,1.4744000000000028,49.3202,59.980199999999996,48.7246,74.7962,85.8677,85.9873,102.7358,82.61189999999999,125.9316,104.7148,104.6696,99.1454,104.0505,82.4546,125.26169999999999,104.8167,106.5701,85.1483,86.43459999999999,44.0618,59.478899999999996,-1
10.08674,-1.22892,4.1433000000000035,39.2216,56.0976,34.4915,76.4227,79.9717,83.4991,91.5216,88.6306,100.0618,93.2755,99.9209,98.42830000000001,102.68180000000001,96.31200000000001,106.7292,99.29060000000001,103.9805,82.844,84.2206,42.4491,63.348,-1
10.29674,-0.89832,3.0933000000000064,42.9325,58.538399999999996,38.6974,78.7225,83.2388,86.95689999999999,95.5409,93.74549999999999,99.8476,91.8749,99.5501,98.3899,107.1143,97.21090000000001,106.7581,103.1816,105.1357,82.7907,85.11789999999999,43.7129,64.398,-1
10.3004,-1.03302,3.075000000000003,42.9508,58.5567,38.629000000000005,78.74080000000001,82.5407,86.59880000000001,94.714,94.37729999999999,102.3877,91.8415,101.3134,97.9654,107.6252,97.7646,105.85390000000001,103.156,104.37899999999999,96.58670000000001,85.1362,43.7312,64.4163,-1
10.3004,-1.03302,101.3134,97.9654,107.6252,97.7646,105.85390000000001,103.156,104.37899999999999,96.58670000000001,85.1362,43.7312,64.4163,3.075000000000003,42.9508,58.5567,38.629000000000005,78.74080000000001,82.5407,86.59880000000001,94.714,94.37729999999999,102.3877,91.8415,1
9.04876,0.77922,4.224699999999999,34.653,48.6081,26.7192,69.2242,63.6982,70.41319999999999,86.1183,71.998,92.4152,81.5721,93.2005,81.87280000000001,91.0985,80.3792,92.2727,71.407,85.11500000000001,69.1383,78.7542,40.263,56.977000000000004,-1
9.41232,0.66892,4.461908746036483,13.388370225671883,3.288268038295919,15.164871051001953,1.0651379252840725,16.80885751332976,4.347659231182799,23.162674953687002,3.9968085163727545,30.934536812250325,14.917829350635152,34.98138292224766,28.00923728854938,15.895356803703153,38.030945909466574,1.9148409311418766,15.958210394257222,16.961243005007187,2.9090913708598443,21.477753664491157,0.7168510072333569,13.45706834958023,1
10.41864,-5.36838,91.16802019712985,50.724348478405425,42.75648767925388,47.91106804844012,31.04369233146759,24.82690795696161,16.374540827623512,8.121820551676555,0.2072947207038674,0.9837827652379231,3.877383739500008,4.848758867619771,1.0716479135294184,2.8796655668616533,0.39793495122617795,1.8013998970297833,3.5050503643121194,7.608747048691934,15.704682056591249,25.168130788279694,36.48970057889307,30.979854007336932,-1
7.2248,-5.59398,86.63542789150735,42.74610008300495,47.569703363535396,32.30684370372734,44.80231860655451,27.456078133106352,18.69110597431057,23.1890849188496,0.21587984803177926,28.62395306848052,13.197690990761265,2.617566211029238,9.361536303435606,11.534851383740225,7.933844322430251,17.126348253871765,14.57982791686644,22.965975321041586,6.802865246016247,43.05068229104879,19.079038866549013,33.82267485985619,-1
10.32752,1.68376,99.03426199730774,50.263269084154366,50.09281508019501,43.3276366476355,43.212632148244644,24.0096618494904,21.43992855557993,15.670088368025233,8.44641389616228,0.12134521432593137,6.520931157431167,0.6853877674354477,1.9573020855563312,5.601766910103302,8.118812424186519,0.2782760841924314,13.107220201489781,15.174986643843903,17.122403696918322,31.706075197999514,43.61185756667259,38.58319947150381,-1
9.17332,1.30582,84.91561894418037,41.28644672650709,35.25211784340236,38.785204259764846,24.853818397115404,17.24355008190756,10.328554538493197,6.063340129898296,6.444612366255486,6.744040271483719,0.3614863310331738,3.7149491384706455,3.7344495848523658,3.506681496783229,7.035745215634415,0.9863938033627536,4.46182262828782,6.578475235720912,9.029968666351378,18.85247155502794,38.59909430074873,31.517714807714135,1
8.57584,0.37204000000000004,91.98796382405432,40.26994029102223,39.69015540233274,35.803632780093714,33.72888764117267,19.122504785995098,6.706806195876871,1.2424949356128716,3.2309433153139304,1.778153904081888,4.9422834588010085,8.242762627779145,4.381900205169054,5.036083513604286,0.8312568207824754,1.6875764853291004,5.776898362418178,0.8810962821451427,5.675498570525823,30.97174930529746,28.345124456037023,30.014997128831197,-1
6.988339999999999,0.9789999999999999,43.33181054844953,23.763665779650648,13.091768857274351,32.897519418077664,1.3842816882822604,9.410476372990159,24.765263890425953,5.983083576300158,22.031637687409393,0.20885627012180177,3.419540756725667,5.5890735473195345,5.876637687008223,1.0948055875360976,12.023684566316136,4.310232048458678,4.673834659501513,0.1531115964187468,16.248044624207214,2.3714951498244523,32.024865701823025,14.613978638586435,-1
8.6579,-0.9959199999999999,67.3254732449735,29.695351330708093,37.33099753446053,14.86931695969797,42.884286195012535,14.757512823307549,3.6530175673481162,11.79902426205878,0.3536537057831725,10.71448239910291,2.5556441080453167,4.039909034166068,3.5019708968422876,5.738041912280808,2.4115348226277464,12.605624418716934,7.927462753172834,11.926827383549048,3.1735813984683126,38.749468895966416,9.382116613870423,23.510274049049695,1
6.62906,-1.6621200000000003,51.49007884867114,18.850684425697818,28.199789707282054,3.687323379126391,33.1850541338716,0.9122853420820113,0.28090811305720553,10.83658310453546,12.300423840414746,15.030536952108605,1.1290533888956167,6.4701565733319875,3.2115804447701564,7.36738744582283,7.661345487467675,10.572443354185557,8.611072359173603,11.691625751149441,10.500545489209802,33.60686934185573,0.9482796634936307,18.82293345540031,1
9.4,1.832,3.1679999999999993,46.3088,60.4554,43.8257,72.97749999999999,83.2801,88.513,100.1301,84.9943,117.4964,97.08279999999999,104.1296,88.9377,110.3415,92.6291,116.6565,104.9232,100.7419,84.7012,84.4051,43.514700000000005,60.537,-1
9.449679999999999,-1.3972799999999999,88.86253611897399,41.31188737567742,45.15473429991404,32.88842676878688,40.19876527568595,18.74251943969412,7.30335910739146,11.216026478702595,6.735404015548631,6.844968761597435,0.1918776063387582,2.230927051972567,4.007406831545067,0.3786142161498477,4.1631650565765295,6.424780289493456,9.701546624236528,10.25557744008958,5.591710351302907,40.939641334385854,21.774968016521846,33.29057633213013,-1
9.80744,-0.74756,1.6378330400191343,5.184285343965532,0.15477373941364697,7.0656474179473046,7.856672938526828,9.467303932947368,9.892892329010374,2.115457155789552,41.254327850206245,15.314530179117941,30.168299562662245,77.95692584463175,34.559594827492475,40.72079544921446,23.467334004597515,39.54438864600515,15.791399213353964,3.9804020028056573,10.913652876464756,8.779721354800209,8.032038846214657,0.7379342739352728,1
8.75708,-0.72038,10.733699999999999,32.0495,46.5022,25.753000000000004,67.5515,59.78830000000001,68.6181,80.3073,71.82600000000001,92.5082,80.28970000000001,90.4608,77.19149999999999,85.73400000000001,70.6508,90.9402,81.81540000000001,83.85170000000001,67.8314,76.65700000000001,36.937900000000006,55.8904,-1
9.743179999999999,0.62002,7.957154355319268,4.85552199683339,6.859043670146181,18.54811346597294,18.99378093782938,3.860657134616524,8.227726366537519,6.248088643463423,15.685745634885125,0.03861699882286296,9.12857255793521,2.7481189117210416,10.566276476789614,5.263822732242609,16.690995616387813,0.45397790837137264,8.269316366315632,1.2527868603532908,10.7424886900301,22.129468739488086,17.76721999342706,2.442417928215586,1
10.41252,1.6988800000000002,71.06813640002365,32.384378236758224,41.239043626779704,16.005027585572588,47.68878075340998,20.23373603187595,4.913093177136856,14.011486398556002,3.069924998930469,11.588012661326363,2.888703978442985,0.38176433505477547,1.1659771768562144,1.7687131848693443,4.44583853060541,10.482772576945514,7.45225731440008,14.229105153847662,4.3844461544538476,38.06697128149034,11.441050891420502,24.79284427186405,-1
6.01914,-0.38889999999999997,6.7740315971931055,9.189281872344921,0.9479132157085786,19.265010734880594,14.909485970943985,3.687083914853729,10.801211427773064,9.418685935732443,22.277489414067105,21.388940066435243,0.013527453502220739,4.091267198331043,2.0714033793867386,5.868838593045338,10.865687247696195,14.906921172097777,0.6124737658621953,10.905938567203725,9.787256209229477,19.576985711706573,21.459236972940403,0.23956214196012954,-1
10.146840000000001,-4.349539999999999,89.85304984429885,49.34601957386494,42.60200369089699,47.46320798490075,29.841657108738705,23.283517982522714,16.559181296266814,7.717557058582586,1.4913657019596562,1.396454498774659,4.022484872020754,4.828659144145236,0.15703076427365853,1.1763147238574532,4.235881453376923,1.348992274514981,9.404981417025272,6.936742795963086,2.885263525226608,24.82433229762342,35.20132997154293,30.523707980760243,-1
9.12896,-1.4208399999999999,81.22680432903795,36.46441673287983,41.44043209608689,25.8448406507137,43.442381360071714,20.30286271727098,9.453173091000556,14.765510515735727,0.40563489399614866,14.394302496274761,0.20168615608268925,3.1362153716728423,1.1092318953184233,4.283210812088019,0.6194456186871456,14.671167293880126,1.1445327107155363,15.364043170237581,17.080997321825343,40.538011468428344,18.780292480328793,30.815788984632505,1
6.86256,0.0261,39.40497382469877,12.784835392030635,21.656133929119626,0.6195580808377256,29.831978132239424,10.7204670397847,0.24667748471711937,18.33188943775215,16.944472004499392,19.730755109068678,0.8042468796903913,8.87366912090618,4.525292034484054,2.2250652366259485,12.234143635619196,8.821192443297539,0.46465350309400477,10.02284768395541,6.179974978032613,28.03434355940112,7.6277557874343,10.347135829777814,-1
7.97804,-0.35459999999999997,37.39850150903249,9.78953526543062,22.427204108028867,3.7853325557886657,25.69000763731998,5.072647771558455,6.778884010057818,0.21199467256412635,17.519155584169862,8.508634942284855,10.947788542962407,4.595590891021766,12.265033007828752,9.060254143555039,18.64489134907482,8.636241612724282,1.8556081257319446,12.074581713633556,8.943424367349955,30.57823090680704,7.494844199404592,13.852326734007002,1
5.35018,3.45214,42.3812984177004,26.06637406731029,15.19218201350475,35.43882208776207,2.478183204537819,3.630960048284514,27.68964835347101,4.669881075550248,30.89184522886797,9.307867414980338,0.5876121940479602,3.467582366176969,13.638690870550866,4.5015586049593725,21.13877456406658,7.819428478209128,8.895699002665479,0.0407127712867224,21.05960428732278,0.693064028577836,31.804582502513707,20.853897711861944,-1
8.6708,1.2142,77.50250353335703,41.98460043860639,34.500864092236284,48.640313109696756,22.086955827815444,45.30196665912497,33.30286815507289,32.08351985584246,32.8228248188714,10.114438265400052,0.07431411297115745,4.045698468137211,5.8477746030471796,2.0773970713077454,9.531829584279423,1.2647417835858208,15.27871561993639,17.71090489489334,31.490320542320266,25.04415975570355,51.262136907817876,27.94190874415482,1
5.87734,0.16916,29.18302360938263,16.051680906711628,8.654181429910118,27.69494725169144,5.545682494948711,7.2390836725719225,13.391737291238961,4.471096527008341,22.381949806259385,19.32859195892315,0.3206888603164975,8.04349708733668,2.830402098175698,5.004507767015645,10.432330768866679,12.70071022432931,0.9528758749449269,8.028020305143464,11.810728753420435,11.429483502472682,26.344934869572068,7.119104903233208,-1
10.45288,-5.53988,90.28600394904156,48.46361809425623,43.1599661277717,50.02703465490572,29.753257147645993,22.19127141048591,17.698378204516306,8.345213831543285,0.09735157272062474,1.8213989892422067,3.4544120177769435,4.908572199787314,1.0819926583808632,2.725540881570677,0.7645159848439401,1.2945103235499673,4.436913586879866,7.779172316396179,0.0803421693634721,23.732777565704687,35.54058417168355,31.379933486814195,-1
9.833839999999999,-3.39756,89.1051924388672,49.537917138496546,41.56059542918289,47.31277296707305,27.710839085073438,21.079072717034812,14.637076356684403,5.63006240992364,0.4244255568075874,3.419970188434185,5.555049589713572,5.4047659257035345,5.5405961739995515,3.501856304915044,4.5327981267891175,2.5977254957382727,8.92821396415501,6.617749838692681,13.902259259933842,23.152759618316733,36.116121187851384,28.693925367424935,-1
8.76722,-2.48676,94.12505061862753,46.43863194319545,44.59817756642735,40.78109786760803,35.28175352685942,19.977396416600367,10.512491230623525,8.455605827588595,4.927883653167988,2.1127628769097564,0.48779867801578497,6.796095656069641,1.0947144644704108,0.16223201659707134,4.984792292068623,1.2886161080067675,7.352005292973187,7.888904453845498,7.2947773488351455,32.97283340385229,28.20077604627896,32.282457773705644,-1
9.54734,-1.91254,1.4935000000000045,36.0357,50.7627,27.0197,74.14920000000001,65.3538,71.4069,87.2607,74.2073,97.3729,88.5732,89.99889999999999,85.8095,89.3333,74.9954,96.592,90.80959999999999,87.5413,69.45689999999999,79.769,37.1078,60.024,-1
9.36836,-1.6923,90.32844429049592,40.97208641770329,45.185730260883254,29.995743219529086,40.3268851776684,20.68941881982869,10.00295110479507,12.644142355347107,1.5750681822516213,5.750261417605597,0.20422416213915492,2.6410760065790044,3.0070093082058396,9.03648815636957,2.8781861258410593,6.735404210803589,0.865500048586014,12.368488867280524,1.4491491935868765,39.16750303826982,24.591895234061305,33.75329197447774,1
8.543899999999999,-1.668,92.31372009218043,40.797322035835926,42.64706391576274,34.23486145847026,36.283518699017144,12.635223689402077,5.7128309909316775,9.023077416984899,0.20472609639628375,2.4351812296019024,1.276243666174038,6.723418479057039,5.187928350651259,5.731228765267833,6.417108394673334,4.358271947531322,5.911819892291368,3.9580930382651074,5.697813484911604,32.2037164197236,26.46117121140554,30.729588475750585,-1
10.331520000000001,4.30368,87.4321887401824,40.29646258917681,46.08245248755704,26.34419160133484,48.75882792898124,20.36880406907505,5.9230961193982425,15.416116179935173,3.986563382142355,0.40791430770097625,2.6841391166509982,4.91937505440797,3.4824847311450116,0.011888645600530132,4.63629477834755,1.8049050657724215,7.115230305648228,0.30486027809582106,6.061656836209362,36.31351949732799,22.190649136430558,29.405021516573807,-1
6.141640000000001,-0.7050799999999999,15.644243351199593,0.5862814142307622,11.97583040058163,11.961630500684942,23.788395356180157,2.8756698617736127,7.196995581816994,7.031201076921492,18.11769652664584,21.721139538873988,0.4518732413672559,1.5210513883088694,0.0739867402330768,6.249880701275448,11.424067357502597,13.34214889534147,0.46291424879817333,11.545131332700866,8.382076712485214,23.269221452879766,14.660455470795846,6.264786000447906,-1
9.4,-1.832,6.411699999999996,31.829099999999997,46.2439,24.8464,68.3467,57.7594,58.9619,78.8677,77.6057,98.5804,71.58670000000001,91.8847,83.89949999999999,88.8586,77.1625,97.4017,80.2824,79.7076,65.516,76.5555,37.0632,59.3538,-1
7.58746,1.27846,34.17925158244902,21.254105682875945,8.544991795438262,31.598038806103915,3.4328812524007617,8.634793874584417,20.344499304729567,0.5884966487601735,18.325742873825785,12.099604803316542,0.37071177029985614,1.4751852151787936,7.005810890252456,0.9802956891160597,15.750062821837822,2.835052089892432,5.881710342997595,3.218231993464676,17.6937085066625,5.64798076383445,32.427248083848404,14.37613110272335,-1
7.337059999999999,0.5553,44.137247066333096,23.671402163537568,13.744920313483712,31.692189891535865,0.3911325660172093,0.2507592724770619,11.61726587152146,1.7811065074391046,14.037989363323247,13.99856888890833,4.613361659786372,6.382518230701569,2.8594472191117206,2.555460160789762,12.94744988534261,5.640599942019567,5.090503890579663,8.520298687747657,11.064240830474336,5.389240793534291,31.81796796678127,14.809550783436283,1
9.2277,-1.21974,91.49784321762402,39.95613533318359,43.38996430791018,34.045265208471484,38.738721413214755,20.898453146318438,12.466916928674092,10.422156459550582,6.039986475341905,2.7553806051891514,0.3559530227928898,3.658662087467773,0.9856439548554932,6.359455541025622,3.84247674826665,2.6666991152018547,12.729076771668907,16.268270514076466,6.66468794017868,38.42399201452658,23.00425778244045,32.79195398749075,-1
9.77886,-0.83726,37.97135994751748,18.341189978077672,6.14689726754719,25.905138796511057,11.795221264611056,1.0888007676323037,1.551151339890262,12.421324046369323,0.0361005913889801,23.034475945871602,12.489253769121046,9.795181642025742,8.244714158594183,12.527099955143429,1.487698756375447,16.94400868173751,3.0281156003176815,11.855823483142489,3.9056278402829783,9.042530809932211,28.684625606415633,11.019894438465286,1
5.4633,3.35582,40.990359942928436,26.56001781292695,14.748041496976168,35.65200734561347,3.346220829292753,13.445936659390682,20.627223231436034,4.451284318935316,31.41609573561875,8.169997949152448,2.705103145854503,4.477736796966031,13.070082890930346,4.80303186752707,21.628672442582584,1.3243835887612805,2.8577324901095134,0.7217233077734577,19.613739813635345,2.015817111144513,35.91402980086374,21.153583520737648,-1
10.2011,-4.28164,90.94349276585747,46.8061651656943,40.677591924666736,46.08648731466063,27.84612009001922,20.921793932355456,14.358292066981884,6.308559731572143,0.47538943175018844,2.8261396301400534,2.004347940906497,4.77469949152223,1.0249282627999161,2.711542537914236,0.822241882099829,3.866993532902583,12.500858625571372,5.765090527665644,0.8021667103598622,22.94258160541443,36.08543760256033,30.195416136475032,-1
5.9905,3.84934,54.86332490195718,32.301854718354996,20.62540073233712,38.96785140329803,7.740808861782249,14.778855097783698,18.49696382663569,3.9070710106279267,28.639413624431924,7.504289334439937,0.5975439050687061,1.359788667064068,11.811422953981983,3.029230292637284,18.20087910497804,1.149185399475675,8.621661622930711,5.7507144933773064,18.292026314970226,3.1693988728066462,39.11395348145352,24.75657071658542,-1
8.39002,2.55436,80.50250748292937,41.64649855278398,36.513956654451924,40.09952045982143,22.22725633882962,17.7995147792435,13.04823090522645,6.935052346321675,9.609155753149635,6.022379845470326,0.01253041629259541,3.5181389989012333,3.841510974184596,3.369358605870588,8.957069392483245,6.568474894034292,1.0911912989489239,5.558855639171842,14.017722171267128,17.420841902813795,47.23031180682278,31.46301617317003,-1
7.42554,-0.9840199999999999,6.872425091342418,8.305463613518988,3.258171357027217,19.672083880668875,17.818496103755294,1.5011029669450404,9.684176430360793,7.203516909776924,25.5061874233053,19.658134946786497,0.5374630844251631,4.563360136987845,1.0944256938579102,6.971915561774862,7.853471512945019,15.273624396952844,2.815551020884524,9.535922905109887,11.420467326630408,17.12645274631501,21.424138566732616,2.673129250072356,-1
6.37808,-1.35876,29.206108850804807,7.418899463358801,20.47756993445938,4.6265163654234405,29.97119269488458,6.268359937036291,0.09210161557360659,13.587892667134106,15.502223745996133,23.31273000348921,0.5167535419140951,0.38058567961950246,0.1382504427567518,6.8876581904355785,8.800350987997474,14.603415521495107,6.181130430752631,15.835636253926312,0.7939524439076745,29.390221399225968,7.9443421981254305,12.190498504780903,-1
7.51572,-0.26742,35.289780910042644,7.476191154012233,18.049777957129983,7.776657799291919,28.02071439766414,4.3229351162461604,4.925994538944522,9.69599367100501,15.46932363886924,14.60717782142518,0.3698789914517896,5.287119218064924,2.1399196132885487,3.429899971724766,10.595349796181637,14.130097218802497,2.9242848425786097,9.499320452660724,4.935033645119135,29.379754829044796,11.138775452315953,10.469502942832877,-1
10.34038,2.07984,100.86863841853021,51.90643553240517,52.32969672495708,44.62127723741716,46.223147307783684,26.34818131236707,14.068743969998927,15.185730658566957,8.431551207270362,4.311012687397256,0.4837801727614622,1.157776470978207,4.598104714937079,2.1285139905528374,7.259117703235974,3.7630963642095634,12.105944285890244,13.225346215487466,14.462445733088044,34.6338153740917,42.4723286416688,39.73420023474247,-1
9.82806,2.034,88.9765995593743,38.40909692292384,44.95222393839148,28.162100122497854,46.021630037751954,23.00611587585556,6.314402741429692,13.314768088310476,0.6518039804496802,6.369322570055253,0.3590105732171338,2.2869069819217125,0.5172732224399916,0.7864959577300206,1.3817677363872471,8.561486778403236,12.965843393641817,6.819601603764092,5.205857217080175,36.80350491995215,23.943604915435277,31.986731993492835,-1
10.25094,-4.9306399999999995,90.96174622257242,51.11078995715661,44.99922997203074,49.08056497654446,32.02982904682357,22.499039333666367,21.740843052851158,8.526200545331394,0.22583369227144967,0.6218203802274114,5.532237008540058,4.819301596995947,0.48928101342731944,1.8793486160121462,0.303073975754452,0.06997988080765556,5.567567712732993,7.25872054276616,10.235688402640113,25.26272099325791,35.182886513501636,31.566753823626275,-1
9.4,1.832,0.6557999999999993,49.4216,58.6951,47.6928,70.6519,87.1011,75.4436,92.1315,64.0133,120.4626,99.2842,105.45779999999999,97.4408,103.5379,92.5797,118.6938,99.0084,99.4729,83.6608,86.152,42.2622,60.2562,-1
3.8866799999999997,0.20945999999999998,2.617729764152149,9.044149318156459,2.84474104523111,18.669258480965233,16.51839682865389,1.654559668665902,12.3452501252055,10.390571873366099,25.02804338813501,23.535380133085912,0.3350265993840362,1.600496151286159,5.383084929148592,4.3211268138458365,14.644285577739947,13.88997340056918,0.6091300346187691,11.476255081086267,11.97089237124296,19.98041515201494,21.683046025548013,1.2032823529099328,-1
8.91882,-0.8861000000000001,72.41241983439488,29.223637533449768,37.42869106240093,17.367450268127914,40.62574583478715,17.45049211624038,4.50187841115808,13.163625561147263,2.712477220368765,9.001507034018125,0.8090638894223041,3.87051229444307,1.818205844350587,6.663541185359232,1.4182932300225268,10.887118627706634,4.917770149505006,9.546511932577193,3.4481981367868912,38.824474356181575,11.542317735308181,25.717897243426297,1
5.57754,-0.54644,34.52286917460727,6.970263088685965,17.565051660198467,5.790164891796613,28.11176708819612,5.477409393636196,5.086570034732553,14.14337177733611,18.225988744146424,20.67302411081198,0.2452263869368762,8.437697883878808,4.658419186859594,2.536682751005409,12.438076262481427,10.973041463072295,0.030140604098440826,11.841376126334051,6.333172257885407,25.205417254574655,10.246279170546481,7.770029533481366,-1
8.4635,2.02912,76.75500677502303,37.21480493105462,30.793280626665034,38.57152156808078,18.983442124154585,16.635190197728935,12.35210617437318,2.382145402259286,11.386010226729844,8.87077422941223,0.0911643656322377,4.991944616155506,6.557402238514965,2.452020069230518,11.518860340746023,8.917726768201943,5.684526400095279,5.990501363722682,12.682827411354602,14.61971514816932,38.5270772292444,28.83761479845661,1
7.03712,0.23258,30.63485792060306,9.056989873348115,21.205603486732684,5.338519359157441,30.341939333449645,10.342713031792101,0.1506993530493765,12.417632759243022,15.661332202004253,14.815851600673156,7.0360928493958195,6.281970706648031,4.912343183152078,2.164817042179628,14.76707292133841,9.586032154646611,5.602965601696976,7.452466541525699,0.49425367254103036,27.794819422835296,12.750766680580092,7.47473628347905,-1
7.844880000000001,-1.0041,10.093592925979808,2.17702844385324,9.922806250794793,13.799335046425519,21.93461084407138,1.7931038477449976,7.350819127764553,10.904743393908278,0.3976457438231335,16.34325362731515,2.557509542426966,1.4666350195029447,0.03417171402717562,6.992291843593165,6.989358924544871,16.25416221604345,1.2457359910943804,11.340424016869953,10.33255631045977,26.856669439325564,15.11082935572109,7.529864397165069,-1
10.43092,5.4052999999999995,91.36207383379677,42.2230298424654,47.97070779594333,30.117248860414108,48.56898965800609,22.746056877305964,8.365053866926225,18.178109707078875,0.4126073256182643,0.8129583155050628,3.968310802672739,4.9503043329958585,2.016753630544988,0.6061712257031919,0.7874801032983106,0.6378353367812886,2.4667958897976043,16.805856217852902,7.847765267800486,36.381778108394094,24.72567488844304,30.40125918037002,-1
9.4,-1.832,3.966299999999997,29.889699999999998,44.843,21.0703,63.567099999999996,58.0329,58.4119,80.4063,65.0906,99.7595,74.13159999999999,91.7407,86.3646,91.934,65.513,101.7243,70.7492,80.5637,74.9869,78.7037,36.4635,59.6198,-1
10.30896,1.6929200000000002,2.3152000000000044,53.246,64.37950000000001,52.197500000000005,83.77850000000001,85.61170000000001,91.1548,100.5367,94.7579,119.07660000000001,113.293,109.86680000000001,109.56460000000001,109.2137,93.8708,119.8449,93.1375,104.30940000000001,91.7954,88.03829999999999,48.7524,65.82600000000001,-1
10.32302,1.55018,2.3855000000000004,53.4736,66.3561,50.587399999999995,82.0897,86.2889,91.9515,100.788,92.9076,117.8352,112.4594,109.9221,107.1859,110.9231,93.1771,118.8578,102.1704,102.4076,91.1451,89.3449,48.9023,63.906499999999994,-1
10.24116,1.66846,4.6828,50.4339,62.142300000000006,49.8661,81.4953,84.1126,91.6554,100.227,95.3186,112.2258,103.331,109.06460000000001,98.33680000000001,104.50030000000001,93.7285,112.66380000000001,99.2495,92.2942,94.7021,88.55539999999999,48.9144,64.6267,1
6.109640000000001,1.9985,10.98980219245591,13.093732342819424,0.6213353326196851,25.07458933754675,10.353892042887336,3.314657071357024,15.957675475518807,5.700938229312542,26.013151153955917,0.7069869338813276,0.9793196469875018,6.767710370571531,11.003409735361508,3.20984745041826,18.985594988625245,1.1401282348915018,5.0885179649454875,3.7509966744667715,19.280890987703177,13.164110900646667,23.952309410272626,7.829639624830275,-1
8.45834,-0.78356,44.91670596860118,12.519423505011218,23.666357670039414,0.9067937699530202,31.23685806233569,4.370844594340738,4.868189307646547,0.044804428812767486,14.395767823072417,7.735050988731092,8.535092082292069,3.19328148836876,9.36221028422527,5.34377007048693,6.983811342984235,8.301398088906394,4.223912363832773,0.7681298001648308,16.343024681690284,33.60529073884252,2.788513958893672,16.163454946725402,-1
9.03778,2.22362,76.46683803737463,38.239076781037554,29.926207685241252,40.16097340804988,17.7216124440121,16.219481128610063,14.738338653988134,6.07981580035752,10.817905670056414,2.552088001678204,0.47078847350672487,0.5843565181719345,7.787869423486418,0.03348715499971221,11.459214764810183,3.8765865766951992,10.160691192972148,5.43713309192826,11.983051933457219,13.317126093162786,42.23139785579103,31.270160061185237,-1
9.73194,1.33944,6.0064999999999955,41.5025,54.5483,39.2008,71.7176,77.1829,84.9465,93.81389999999999,83.7379,109.87049999999999,105.9701,105.91399999999999,92.9576,102.0192,83.7262,108.9274,88.8406,94.3908,83.7647,83.4811,42.7113,61.445100000000004,-1
9.20378,0.4934,0.2781617746776405,9.677742261119757,2.426893698385632,22.89769130159632,17.14072835980253,5.665220058335339,22.13773504210069,0.3368579758152766,19.101244443670165,0.035554444525827525,9.11955649787836,1.9901656215904815,10.49618047243171,1.2852836476628953,20.128037092397037,0.6333551965492227,10.803234226009055,2.324833501852617,23.93229111461054,20.278382339240952,22.37908903976835,0.5323726453230306,-1
10.239279999999999,0.56578,102.9554,86.66029999999999,97.0633,77.2948,98.6207,72.71799999999999,77.42259999999999,60.19839999999999,86.4742,43.8206,63.40389999999999,0.47039999999999793,41.772499999999994,55.045199999999994,34.183299999999996,78.14789999999999,67.81049999999999,65.5106,87.893,78.9402,96.4837,88.28399999999999,1
9.56426,-1.8995799999999998,92.94583531142297,42.61705598736725,44.37361160807758,33.533557654591206,37.504774732006844,19.910475887674917,9.198263691232395,11.749124334468894,4.84689070275484,6.767579348544803,0.02973356208862946,2.7474899815711487,2.092921745288053,4.018615789312733,3.5460718770502213,6.266541635495102,10.945579672211656,11.090801776178571,7.930162549134016,41.53206131781638,26.50687326749448,35.678857768451756,1
9.041599999999999,5.5051000000000005,97.23479750360346,49.85195891850613,52.09609646587097,40.42230327052,45.25308270595773,25.16502357344297,29.4941139715896,27.438474048674816,10.978896585134605,0.2689978797943653,5.5115013666324435,3.4077945840289243,4.538567213715783,6.655644832134018,11.508026027827079,2.362936996154373,17.803547540804715,23.903930254896746,39.611424852521125,31.95895715419647,38.05120108936344,36.410393681165004,-1
9.80334,-0.45122,67.48074203875362,33.92175679867143,26.364477814279287,37.92001367509704,14.623659614566497,12.585290374161392,17.35135666748755,3.496795139316212,0.46489698873104157,10.828010986471275,0.21240290468836429,3.3719283208568336,4.125438590670678,0.444785025535157,8.116511403192419,10.042264995632962,6.768959536927905,3.393677021785587,24.61202824363633,8.202851098964075,38.878530167876924,24.971089952856698,1
5.77696,-1.7497,33.43618820420001,10.132259313328968,20.354008853903565,3.29958835293241,30.803501898338023,11.587983431015111,2.223353013027419,18.87957978357999,0.3065644557617728,25.295332832849084,0.026953664380376222,1.2257843301587652,0.8574595911712433,8.543379935895482,8.427918929974213,16.65133180090423,9.697166727648497,19.091763788197156,1.794797891606167,31.96412066814783,2.6816345430694217,13.08801698807604,-1
9.763639999999999,-6.21372,95.35658558812267,54.06390352814757,47.01710044594617,47.99178546192532,35.05414650930107,25.01941117192358,21.12218032222251,14.32142887623255,2.605285779903663,7.997505004503582,5.993342828732901,4.463319938321399,2.102470178992803,2.335315645419332,2.576693332936579,6.208935925594259,6.875179968553807,14.041090304661001,2.2767442324200626,31.653437877934437,33.463687602777846,33.63320511986273,-1
5.20382,-0.63266,35.276240131339456,9.177889887903666,17.981463226499958,3.9534836907426003,28.084816305253074,6.436653852966523,3.589621028996293,15.248632126898148,17.669532955104962,23.85325467096601,0.35997477348808754,7.460645987060134,4.1887048266601745,4.0874556541018,12.811347491495587,11.885732732537196,0.7002274008506422,12.51277668385521,8.329820152628018,26.63443926220983,10.62419529952175,8.618500101888491,-1
