-2.0928 -0.1176 -1.6911 -0.117 -0.3892 0.0891 -0.3892 0.0891 1.8926 11.2244 1.8926 11.2244 7.8111 7.4338 1.8926 11.2244 PASS
-2.0315 -0.0702 -1.6388 -0.0966 -0.3913 0.0897 -0.3913 0.0897 1.8923 11.2245 1.8923 11.2245 1.8923 11.2245 7.7089 -7.8382 DRIBBLE
-1.1142 -0.0305 -1.6193 -0.088 -0.1192 0.0439 -0.1192 0.0439 7.413 7.4734 7.413 7.4734 7.413 7.4734 7.3408 -7.9046 DRIBBLE
-0.3936 0.003 0.2476 -0.0222 -1.6116 -0.0847 -1.6116 -0.0847 10.0902 -0.2881 6.812 7.4798 6.812 7.4798 10.0902 -0.2881 PASS
0.2558 -0.6439 0.4365 -0.0567 -1.6087 -0.0832 -1.6087 -0.0832 9.3351 -0.305 9.3351 -0.305 9.3351 -0.305 1.2756 -12.8913 DRIBBLE
0.8465 -1.2503 0.5236 -0.0701 -1.8369 -0.1923 -1.8369 -0.1923 8.5147 -0.3014 8.5147 -0.3014 8.5147 -0.3014 6.0707 7.5727 DRIBBLE
1.405 -1.8225 0.8159 -0.5211 -1.9177 -0.2366 -1.9177 -0.2366 7.639 -0.3179 7.639 -0.3179 7.639 -0.3179 5.522 7.7928 DRIBBLE
1.918 -2.3677 1.2913 -1.1217 -2.1406 -0.5615 -2.1406 -0.5615 6.7997 -0.3402 6.7997 -0.3402 6.7997 -0.3402 4.9117 7.9754 DRIBBLE
2.372 -2.8966 1.7985 -1.8445 -2.4422 -1.0222 -2.4422 -1.0222 5.9672 -0.3389 5.9672 -0.3389 5.9672 -0.3389 4.3385 8.1882 DRIBBLE
2.7978 -3.3891 2.3236 -2.6405 -2.5622 -1.2062 0.0614 -7.8823 5.1516 -0.3458 5.1516 -0.3458 5.1516 -0.3458 4.0993 8.2834 DRIBBLE
3.1363 -3.9026 2.5969 -3.0089 -2.8171 -1.3933 0.2242 -8.4562 4.3572 -0.4065 4.3572 -0.4065 4.3572 -0.4065 3.733 8.6182 DRIBBLE
3.4813 -4.3746 2.9885 -3.6183 0.3888 -8.9321 0.3888 -8.9321 3.5719 -0.3997 3.5719 -0.3997 3.5719 -0.3997 -1.2133 -16.5259 DRIBBLE
3.7845 -4.832 3.45 -4.3896 0.6081 -9.5427 0.6081 -9.5427 3.2184 -0.3864 3.2184 -0.3864 3.2184 -0.3864 -1.4113 -17.2247 DRIBBLE
4.1723 -5.4857 3.6728 -4.7714 0.851 -10.2307 0.851 -10.2307 2.6947 -0.5044 3.5417 -10.4458 3.5417 -10.4458 2.6947 -0.5044 DRIBBLE
4.5279 -6.1193 4.0538 -5.3751 0.966 -10.5173 0.966 -10.5173 2.0624 -0.6869 3.4756 -10.9146 3.4756 -10.9146 2.0624 -0.6869 DRIBBLE
6.6723 -25.9291 6.7853 -26.2972 0.1244 -14.3936 0.1244 -14.3936 14.4342 -21.2013 14.4342 -21.2013 4.0291 -16.1065 14.4342 -21.2013 PASS
7.4902 -25.8959 6.7816 -26.2952 0.1151 -14.8935 0.1151 -14.8935 14.6101 -21.8195 14.6101 -21.8195 14.6101 -21.8195 4.1594 -16.7782 DRIBBLE
8.2581 -25.8629 7.3375 -26.1905 0.1083 -15.3639 0.1083 -15.3639 14.8087 -22.4865 14.8087 -22.4865 14.8087 -22.4865 4.2236 -17.0894 DRIBBLE
8.9588 -25.8436 8.1211 -26.058 0.1156 -15.9157 0.1156 -15.9157 15.0241 -23.0993 15.0241 -23.0993 15.0241 -23.0993 4.4309 -17.5594 DRIBBLE
9.1372 -26.6406 8.413 -26.017 0.1528 -16.4032 0.1528 -16.4032 15.2501 -23.7408 15.2501 -23.7408 15.2501 -23.7408 4.7146 -18.0614 DRIBBLE
9.2927 -27.3853 8.5295 -26.0079 0.1839 -16.6088 0.1839 -16.6088 15.3368 -23.9822 15.3368 -23.9822 15.3368 -23.9822 5.0152 -18.5714 DRIBBLE
9.5813 -28.7316 9.1777 -27.2437 0.6065 -17.5789 0.6065 -17.5789 15.9201 -24.8447 15.9201 -24.8447 15.9201 -24.8447 5.4874 -19.4636 DRIBBLE
9.7021 -29.3245 9.525 -28.0243 0.8393 -18.1882 0.8393 -18.1882 16.3248 -25.3791 16.3248 -25.3791 16.3248 -25.3791 5.8298 -19.8479 DRIBBLE
9.8392 -29.8866 9.9088 -28.8626 1.1059 -18.8295 1.1059 -18.8295 16.706 -25.9212 16.706 -25.9212 16.706 -25.9212 6.2214 -20.2654 DRIBBLE
9.9701 -30.4362 10.3179 -29.6385 1.3001 -19.3007 1.3001 -19.3007 17.0717 -26.4187 17.0717 -26.4187 17.0717 -26.4187 6.6897 -20.7176 DRIBBLE
10.6924 -30.8655 10.4714 -29.9685 1.487 -19.7434 1.487 -19.7434 17.4441 -26.9651 17.4441 -26.9651 17.4441 -26.9651 7.2116 -21.1988 DRIBBLE
11.3574 -31.279 10.5421 -30.1 1.5665 -19.9358 1.5665 -19.9358 17.8686 -27.4613 17.8686 -27.4613 17.8686 -27.4613 7.7083 -21.636 DRIBBLE
11.9824 -31.6676 10.9715 -30.5743 1.8891 -20.2896 1.8891 -20.2896 18.0337 -27.6617 18.0337 -27.6617 18.0337 -27.6617 8.2532 -22.0438 DRIBBLE
12.5772 -32.0546 11.5531 -31.1336 2.3193 -20.7218 2.3193 -20.7218 18.4982 -27.7923 18.4982 -27.7923 18.4982 -27.7923 8.8032 -22.4802 DRIBBLE
13.1301 -32.3973 12.166 -31.758 2.7929 -21.1624 2.7929 -21.1624 19.0721 -27.8939 19.0721 -27.8939 19.0721 -27.8939 9.0388 -22.6955 DRIBBLE
13.6629 -32.7054 12.8079 -32.3937 3.2799 -21.634 3.2799 -21.634 19.65 -27.9658 19.65 -27.9658 19.65 -27.9658 9.477 -22.9367 DRIBBLE
14.2337 -32.6633 13.0422 -32.6541 3.7816 -22.0704 3.7816 -22.0704 20.2564 -28.0187 20.2564 -28.0187 20.2564 -28.0187 10.0236 -23.1475 DRIBBLE
15.2973 -32.5968 13.7856 -32.8256 4.5119 -22.7331 4.5119 -22.7331 21.496 -28.164 21.496 -28.164 21.496 -28.164 11.2343 -23.5691 DRIBBLE
15.782 -32.5597 14.5861 -32.8899 4.9775 -22.9652 4.9775 -22.9652 22.0821 -28.2237 22.0821 -28.2237 22.0821 -28.2237 11.8456 -23.7835 DRIBBLE
16.2259 -32.5381 15.4513 -32.878 5.4838 -23.22 5.4838 -23.22 22.7208 -28.2675 22.7208 -28.2675 22.7208 -28.2675 12.1235 -23.8704 DRIBBLE
17.0218 -32.6022 15.801 -32.8904 6.0735 -23.5011 18.4669 -18.5049 22.9516 -28.2853 22.9516 -28.2853 22.9516 -28.2853 12.6229 -23.8934 DRIBBLE
17.7752 -32.6472 16.4721 -32.8788 6.6497 -23.8042 19.1876 -18.7418 23.0351 -28.2913 23.0351 -28.2913 23.0351 -28.2913 13.2417 -23.9071 DRIBBLE
18.4743 -32.6682 17.3061 -32.8853 7.2756 -24.1148 19.5379 -18.8658 23.0684 -28.2949 23.0684 -28.2949 23.0684 -28.2949 13.9158 -23.8308 DRIBBLE
19.138 -32.6983 18.1833 -32.9162 7.8976 -24.4022 7.8976 -24.4022 23.4859 -28.3044 23.4859 -28.3044 23.4859 -28.3044 14.6012 -23.7513 DRIBBLE
19.8881 -32.7578 18.5379 -32.9354 8.3796 -24.6188 8.3796 -24.6188 24.0177 -28.3132 24.0177 -28.3132 24.0177 -28.3132 15.268 -23.715 DRIBBLE
20.5807 -32.8029 19.1948 -32.9714 8.8104 -24.8121 8.8104 -24.8121 24.6479 -28.2895 24.6479 -28.2895 24.6479 -28.2895 15.9352 -23.6355 DRIBBLE
21.2294 -32.8483 19.9777 -33.04 9.3785 -25.1074 9.3785 -25.1074 24.878 -28.2959 24.878 -28.2959 24.878 -28.2959 16.6181 -23.5596 DRIBBLE
21.8406 -32.8896 20.8614 -33.0708 10.0111 -25.3911 10.0111 -25.3911 24.962 -28.3015 24.962 -28.3015 24.962 -28.3015 17.2803 -23.467 DRIBBLE
22.1593 -32.7667 21.2238 -33.0602 10.4961 -25.6024 10.4961 -25.6024 25.413 -28.1807 25.413 -28.1807 25.413 -28.1807 17.9577 -23.406 DRIBBLE
22.4476 -32.6603 21.3632 -33.065 10.9073 -25.7934 10.9073 -25.7934 25.9647 -27.9978 25.9647 -27.9978 25.9647 -27.9978 18.5794 -23.3432 DRIBBLE
22.7185 -32.5606 21.9527 -32.8434 11.0689 -25.877 11.0689 -25.877 26.5425 -27.8368 26.5425 -27.8368 26.5425 -27.8368 19.2273 -23.3038 DRIBBLE
23.3412 -32.6132 22.2037 -32.7516 11.5077 -25.8686 11.5077 -25.8686 27.152 -27.671 27.152 -27.671 27.152 -27.671 19.8655 -23.2315 DRIBBLE
24.4687 -32.721 22.9492 -32.7071 12.7418 -25.8482 12.7418 -25.8482 28.388 -27.3619 28.388 -27.3619 28.388 -27.3619 21.2896 -23.1015 DRIBBLE
24.9806 -32.7747 23.7984 -32.7356 13.4282 -25.7674 13.4282 -25.7674 28.9714 -27.2086 28.9714 -27.2086 28.9714 -27.2086 22.02 -23.0101 DRIBBLE
25.4706 -32.8307 24.6844 -32.7488 14.1799 -25.7338 14.1799 -25.7338 29.5535 -27.0348 29.5535 -27.0348 29.5535 -27.0348 22.6825 -22.966 DRIBBLE
26.28 -32.8036 25.0326 -32.7476 14.9111 -25.6979 14.9111 -25.6979 30.2104 -26.8334 30.2104 -26.8334 30.2104 -26.8334 23.2385 -22.9117 DRIBBLE
27.0628 -32.7592 25.7447 -32.7542 15.6206 -25.6612 15.6206 -25.6612 30.477 -26.7592 30.477 -26.7592 30.477 -26.7592 23.833 -22.837 DRIBBLE
27.7876 -32.7224 26.611 -32.8308 16.366 -25.6205 16.366 -25.6205 30.5712 -26.7377 30.5712 -26.7377 30.5712 -26.7377 24.5021 -22.7496 DRIBBLE
28.4715 -32.6978 27.525 -32.927 16.9976 -25.6097 16.9976 -25.6097 31.0012 -26.6322 31.0012 -26.6322 31.0012 -26.6322 25.1653 -22.6712 DRIBBLE
29.1087 -32.6238 27.8914 -32.9738 17.2668 -25.6031 17.2668 -25.6031 31.5468 -26.4519 31.5468 -26.4519 31.5468 -26.4519 25.8321 -22.5928 DRIBBLE
29.7137 -32.5399 28.6342 -32.975 17.3814 -25.6009 17.3814 -25.6009 32.1406 -26.2368 32.1406 -26.2368 32.1406 -26.2368 26.1375 -22.5603 DRIBBLE
30.2619 -32.4641 29.5417 -32.9059 17.4304 -25.6 17.4304 -25.6 32.7332 -26.0467 32.7332 -26.0467 32.7332 -26.0467 26.5171 -22.5942 DRIBBLE
31.07 -32.4038 29.907 -32.8802 17.7783 -25.8092 17.7783 -25.8092 33.3289 -25.7932 33.3289 -25.7932 33.3289 -25.7932 26.8182 -22.5242 DRIBBLE
31.86 -32.3384 30.6124 -32.8618 17.9368 -25.904 17.9368 -25.904 33.9371 -25.6077 33.9371 -25.6077 33.9371 -25.6077 27.1973 -22.5544 DRIBBLE
32.6197 -32.2497 31.4533 -32.9191 18.4056 -25.9954 18.4056 -25.9954 34.5272 -25.4035 34.5272 -25.4035 34.5272 -25.4035 27.3591 -22.5594 DRIBBLE
33.3519 -32.1572 32.3443 -32.9069 18.8549 -26.0354 31.445 -16.64 35.1284 -25.2049 35.1284 -25.2049 35.1284 -25.2049 27.7901 -22.4601 DRIBBLE
34.0195 -32.0469 32.7021 -32.8984 19.4411 -26.0848 32.1636 -16.506 35.7452 -24.9838 35.7452 -24.9838 35.7452 -24.9838 28.365 -22.3292 DRIBBLE
34.629 -31.9625 33.3956 -32.7163 20.0826 -26.1372 20.0826 -26.1372 36.3683 -24.7658 36.3683 -24.7658 36.3683 -24.7658 29.0478 -22.1776 DRIBBLE
35.2119 -31.9098 34.2635 -32.4339 20.7683 -26.2395 20.7683 -26.2395 36.9558 -24.5478 36.9558 -24.5478 36.9558 -24.5478 29.6781 -22.0445 DRIBBLE
35.7729 -31.8506 35.1598 -32.0889 21.0628 -26.2841 21.0628 -26.2841 37.1777 -24.4694 37.1777 -24.4694 37.1777 -24.4694 30.3343 -21.8759 DRIBBLE
36.2736 -31.3559 35.4927 -31.9677 21.1886 -26.3027 34.4513 -16.2562 37.5748 -24.9254 37.5748 -24.9254 37.5748 -24.9254 31.0602 -21.7123 DRIBBLE
36.7401 -30.8585 35.6191 -31.9089 21.2403 -26.3083 34.8882 -16.4837 37.7202 -25.1031 37.7202 -25.1031 37.7202 -25.1031 31.7559 -21.5273 DRIBBLE
37.1669 -30.3861 36.0788 -31.5033 35.1982 -16.4584 35.1982 -16.4584 37.7809 -25.1708 37.7809 -25.1708 37.7809 -25.1708 32.3216 -21.3657 DRIBBLE
37.5679 -29.9423 36.708 -31.0385 35.3548 -16.4363 35.3548 -16.4363 37.8023 -25.1967 37.8023 -25.1967 37.8023 -25.1967 32.9558 -21.2238 DRIBBLE
37.943 -29.5246 37.4056 -30.5639 35.8442 -16.2911 35.8442 -16.2911 38.0186 -25.7532 38.0186 -25.7532 38.0186 -25.7532 33.5513 -21.056 DRIBBLE
38.2987 -29.1181 38.1016 -29.9855 36.4162 -16.101 36.4162 -16.101 38.2521 -26.538 38.2521 -26.538 38.2521 -26.538 33.8284 -20.9863 DRIBBLE
39.1035 -29.2954 38.3874 -29.7648 36.9176 -15.8826 36.9176 -15.8826 38.3424 -26.8362 38.3424 -26.8362 38.3424 -26.8362 33.9642 -20.9557 DRIBBLE
39.8463 -29.4313 38.5069 -29.6861 37.4582 -15.6757 37.4582 -15.6757 38.3756 -26.9457 38.3756 -26.9457 38.3756 -26.9457 34.1756 -20.8691 DRIBBLE
40.5449 -29.5591 39.1612 -29.7322 38.0919 -15.4386 38.0919 -15.4386 38.5915 -26.6223 38.5915 -26.6223 38.5915 -26.6223 34.4063 -20.7629 DRIBBLE
41.2107 -29.677 39.9223 -29.8355 38.7754 -15.1332 38.7754 -15.1332 38.9066 -26.1832 38.9066 -26.1832 38.9066 -26.1832 34.5135 -20.7027 DRIBBLE
41.8577 -29.7786 40.7878 -29.9928 39.5436 -14.8187 39.5436 -14.8187 39.2153 -25.7019 39.2153 -25.7019 39.2153 -25.7019 34.9191 -20.5876 DRIBBLE
42.4496 -29.849 41.6603 -30.1811 39.9202 -14.6446 39.9202 -14.6446 39.6189 -25.1796 39.6189 -25.1796 39.6189 -25.1796 35.4789 -20.4067 DRIBBLE
43.3078 -29.4473 42.0151 -30.2574 40.1207 -14.5495 40.1207 -14.5495 40.0217 -24.6458 40.0217 -24.6458 40.0217 -24.6458 35.7559 -20.3124 DRIBBLE
47.9065 -27.2638 46.6895 -27.9492 42.5873 -13.0413 42.5873 -13.0413 42.5779 -21.585 42.5779 -21.585 42.5779 -21.585 39.4954 -19.3963 DRIBBLE
48.4471 -27.0425 47.5011 -27.4667 42.902 -12.8475 42.902 -12.8475 43.1382 -21.1837 43.1382 -21.1837 43.1382 -21.1837 39.8036 -19.3226 DRIBBLE
48.7892 -26.4266 47.8316 -27.2706 43.0604 -12.7605 43.0604 -12.7605 43.6574 -20.8007 43.6574 -20.8007 43.6574 -20.8007 39.951 -19.2895 DRIBBLE
49.6246 -24.8505 48.5593 -25.9073 43.5699 -12.5039 43.5699 -12.5039 45.1164 -19.5302 45.1164 -19.5302 45.1164 -19.5302 40.3341 -18.9905 DRIBBLE
49.8684 -24.3848 48.9771 -25.0844 43.5233 -12.079 43.5233 -12.079 45.6649 -19.0993 45.6649 -19.0993 45.6649 -19.0993 40.4468 -18.8709 DRIBBLE
50.0907 -23.9423 49.4291 -24.2593 43.504 -11.87 43.504 -11.87 46.1535 -18.6592 46.1535 -18.6592 46.1535 -18.6592 40.5892 -18.6992 DRIBBLE
49.4369 -23.051 49.6099 -23.9261 43.4928 -11.7641 43.4928 -11.7641 46.6296 -18.249 46.6296 -18.249 46.6296 -18.249 40.7301 -18.5077 DRIBBLE
49.8529 -22.489 49.6732 -23.7979 43.4894 -11.7111 43.4894 -11.7111 46.8106 -18.0961 46.8106 -18.0961 46.8106 -18.0961 40.5024 -18.1865 DRIBBLE
50.2523 -21.9403 49.9835 -23.2702 43.4877 -11.6824 43.4877 -11.6824 47.0113 -17.6462 47.0113 -17.6462 47.0113 -17.6462 40.4854 -17.9191 DRIBBLE
50.635 -21.4317 50.328 -22.5328 43.7924 -11.4163 43.7924 -11.4163 47.2094 -17.0788 47.2094 -17.0788 47.2094 -17.0788 40.5717 -17.6831 DRIBBLE
50.9915 -20.9523 50.6784 -21.7378 44.2511 -11.0109 44.2511 -11.0109 47.4017 -16.4726 47.4017 -16.4726 47.4017 -16.4726 40.7058 -17.4588 DRIBBLE
51.0097 -20.2608 50.8173 -21.391 44.478 -10.8068 44.478 -10.8068 47.4945 -16.2491 47.4945 -16.2491 47.4945 -16.2491 40.8632 -17.2493 DRIBBLE
51.0436 -18.363 50.9754 -19.8793 44.2983 -10.1602 44.2983 -10.1602 48.8823 -15.9698 48.8823 -15.9698 48.8823 -15.9698 41.1433 -16.5373 DRIBBLE
51.0483 -17.8054 51.0204 -19.0052 44.2486 -10.0658 44.2486 -10.0658 49.7555 -16.042 49.7555 -16.042 49.7555 -16.042 41.1647 -16.3633 DRIBBLE
51.0568 -17.284 51.047 -18.1092 44.3511 -9.9167 44.3511 -9.9167 50.6921 -16.1764 50.6921 -16.1764 50.6921 -16.1764 41.1981 -16.1369 DRIBBLE
48.1503 -7.6867 47.4589 -7.8101 51.2819 -5.8533 51.2819 -5.8533 44.3115 -9.3985 44.3115 -9.3985 44.3115 -9.3985 45.3241 5.7001 UNSUCCESSFUL DRIBBLE
43.8655 -6.3683 44.1194 -8.5343 39.0509 -1.0445 39.0509 -1.0445 47.9099 -7.7327 41.8745 -4.9013 47.9099 -7.7327 41.8745 -4.9013 UNSUCCESSFUL DRIBBLE
41.809 -5.7286 41.9272 -5.3622 45.072 -1.0012 45.072 -1.0012 43.8108 -8.0735 43.8108 -8.0735 43.8108 -8.0735 45.8514 3.9525 UNSUCCESSFUL DRIBBLE
42.0089 -5.7835 41.9258 -5.3421 45.1548 -0.8996 47.4657 -6.9579 43.3598 -7.5652 43.3598 -7.5652 43.3598 -7.5652 45.8107 3.9262 DRIBBLE
40.9208 -7.5781 42.7804 -6.9535 38.4425 0.1115 38.4425 0.1115 41.9249 -5.3347 41.9249 -5.3347 41.9249 -5.3347 39.5251 -13.9214 UNSUCCESSFUL DRIBBLE
37.8715 -12.3008 37.857 -13.0391 40.3766 -5.4727 40.3766 -5.4727 36.0012 -13.0592 36.0012 -13.0592 36.0012 -13.0592 41.9133 -6.615 UNSUCCESSFUL DRIBBLE
35.768 -14.1989 36.2811 -13.1054 41.3201 -6.8655 41.3201 -6.8655 37.7175 -12.9534 37.7175 -12.9534 37.7175 -12.9534 48.4332 -13.4646 UNSUCCESSFUL DRIBBLE
21.365 -21.5191 20.1403 -20.6232 12.4574 -24.4374 19.1044 -29.6178 16.2162 -22.4142 16.2162 -22.4142 29.5726 -15.1365 20.2394 -15.0235 UNSUCCESSFUL DRIBBLE
20.6014 -19.7627 20.4139 -20.574 12.3096 -23.7177 19.3535 -11.4238 16.7438 -21.9694 19.7013 -15.696 19.7013 -15.696 16.7438 -21.9694 DRIBBLE
21.016 -19.3778 20.5509 -20.5451 12.1872 -23.1614 19.4217 -11.1246 17.2847 -21.4754 19.5084 -15.9824 19.5084 -15.9824 17.2847 -21.4754 DRIBBLE
21.4085 -19.0079 20.622 -20.5329 20.8505 -29.2324 19.4536 -10.9877 17.7595 -21.0225 19.4334 -16.1094 19.4334 -16.1094 17.7595 -21.0225 DRIBBLE
21.7592 -18.6426 21.1004 -20.2467 21.4811 -29.1233 19.5241 -10.5148 18.3058 -20.563 19.6723 -15.8931 19.6723 -15.8931 18.3058 -20.563 DRIBBLE
22.099 -18.2989 21.8293 -19.8042 22.0363 -28.994 19.6291 -9.9205 18.848 -20.1183 19.7561 -15.8028 19.7561 -15.8028 18.848 -20.1183 DRIBBLE
22.4221 -17.9788 22.2073 -19.2536 22.7196 -28.8999 19.7457 -9.2808 19.366 -19.6291 20.3348 -15.9476 20.3348 -15.9476 19.366 -19.6291 DRIBBLE
22.7412 -17.6819 22.4655 -18.6459 22.9961 -28.8617 19.9216 -8.6072 19.9086 -19.1515 20.5503 -15.995 20.5503 -15.995 19.9086 -19.1515 DRIBBLE
23.445 -17.8122 22.5882 -18.3549 23.3571 -28.7317 20.0769 -7.863 20.463 -18.6971 20.463 -18.6971 20.463 -18.6971 27.9905 -27.0729 DRIBBLE
24.133 -17.9544 22.6578 -18.2191 12.5909 -20.18 23.7557 -28.5364 20.9449 -18.2982 20.9449 -18.2982 20.9449 -18.2982 28.0063 -26.8116 DRIBBLE
24.7853 -18.1158 23.2201 -18.2581 24.2932 -28.2578 24.2932 -28.2578 21.1605 -18.1258 21.1605 -18.1258 21.1605 -18.1258 28.1959 -26.3505 DRIBBLE
25.4187 -18.2824 24.0118 -18.3884 24.934 -27.9304 24.934 -27.9304 21.655 -18.022 21.655 -18.022 21.655 -18.022 28.4483 -25.8133 DRIBBLE
26.0289 -18.4494 24.9003 -18.5606 25.5695 -27.5978 25.5695 -27.5978 22.2354 -17.9349 22.2354 -17.9349 22.2354 -17.9349 28.726 -25.2041 DRIBBLE
26.752 -18.6394 25.3431 -18.6886 26.0956 -27.3402 26.0956 -27.3402 22.8427 -17.8742 22.8427 -17.8742 22.8427 -17.8742 22.8647 -13.4099 DRIBBLE
27.4266 -18.8158 26.0768 -18.8044 26.697 -27.0771 26.697 -27.0771 23.4912 -17.7957 23.4912 -17.7957 23.4912 -17.7957 23.0265 -13.1927 DRIBBLE
28.0673 -18.9812 26.9723 -18.9955 27.3674 -26.7663 27.3674 -26.7663 24.1198 -17.6997 24.1198 -17.6997 24.1198 -17.6997 23.4403 -12.9204 DRIBBLE
28.6981 -19.129 27.8601 -19.1935 28.0701 -26.4929 28.0701 -26.4929 24.7283 -17.6133 24.7283 -17.6133 24.7283 -17.6133 23.9357 -12.6242 DRIBBLE
29.3399 -19.0651 28.2929 -19.3014 28.3634 -26.3755 28.3634 -26.3755 25.2952 -17.5344 30.2397 -23.1565 30.2397 -23.1565 25.2952 -17.5344 DRIBBLE
29.9504 -19.0236 28.5035 -19.3607 28.7741 -26.2702 28.7741 -26.2702 25.9302 -17.4572 30.7038 -22.689 30.7038 -22.689 25.9302 -17.4572 DRIBBLE
30.5231 -18.9736 29.1157 -19.2889 29.3175 -26.1162 29.3175 -26.1162 26.5656 -17.3198 31.1645 -22.2641 31.1645 -22.2641 26.5656 -17.3198 DRIBBLE
31.0591 -18.922 29.8861 -19.1957 29.9688 -25.9681 29.9688 -25.9681 31.6218 -21.8143 31.6218 -21.8143 31.6218 -21.8143 27.1567 -17.2121 DRIBBLE
31.5714 -18.8813 30.7352 -19.0711 30.6698 -25.8372 30.6698 -25.8372 31.781 -21.6465 31.781 -21.6465 31.781 -21.6465 27.4151 -17.1494 DRIBBLE
32.4531 -18.7017 31.1384 -19.0424 31.2663 -25.7362 31.2663 -25.7362 31.8443 -21.5756 31.8443 -21.5756 31.8443 -21.5756 27.8434 -17.2802 DRIBBLE
33.2681 -18.5251 31.7965 -18.9007 31.8972 -25.5645 31.8972 -25.5645 32.2129 -21.34 32.2129 -21.34 32.2129 -21.34 28.0438 -17.3367 DRIBBLE
34.0309 -18.3443 32.6581 -18.7939 32.553 -25.4613 32.553 -25.4613 32.7038 -21.0436 32.7038 -21.0436 32.7038 -21.0436 28.4916 -17.2446 DRIBBLE
34.7818 -18.1798 33.6069 -18.6369 33.2391 -25.3346 33.2391 -25.3346 33.2368 -20.7196 33.2368 -20.7196 33.2368 -20.7196 29.0765 -17.1036 DRIBBLE
35.5079 -18.0051 34.6211 -18.4712 33.512 -25.2923 33.512 -25.2923 33.7848 -20.3767 33.7848 -20.3767 33.7848 -20.3767 29.7647 -16.9404 DRIBBLE
36.6432 -18.3527 35.0858 -18.3652 34.0188 -25.0613 34.0188 -25.0613 34.3442 -20.0285 34.3442 -20.0285 34.3442 -20.0285 30.4541 -16.7176 DRIBBLE
41.8179 -20.1113 39.5574 -19.5787 37.418 -24.0592 37.418 -24.0592 37.7015 -17.9315 37.7015 -17.9315 37.7015 -17.9315 33.6813 -16.5693 DRIBBLE
42.4512 -20.3472 40.5369 -19.8621 37.805 -23.9949 37.805 -23.9949 38.2257 -17.5613 38.2257 -17.5613 38.2257 -17.5613 34.3517 -16.585 DRIBBLE
43.0593 -20.5807 41.603 -20.1388 38.083 -23.934 38.083 -23.934 38.712 -17.1881 38.712 -17.1881 38.712 -17.1881 35.079 -16.5881 DRIBBLE
43.6493 -20.8173 42.6003 -20.4102 38.3157 -23.8694 38.3157 -23.8694 38.8975 -17.0464 38.8975 -17.0464 38.8975 -17.0464 35.814 -16.5528 DRIBBLE
44.4869 -20.8277 43.0889 -20.5449 38.5075 -23.822 38.5075 -23.822 39.3838 -16.9564 39.3838 -16.9564 39.3838 -16.9564 36.3753 -16.5378 DRIBBLE
45.2941 -20.8303 43.3327 -20.6152 38.6885 -23.7797 38.6885 -23.7797 39.9141 -16.8283 39.9141 -16.8283 39.9141 -16.8283 36.6301 -16.5222 DRIBBLE
46.0497 -20.8546 43.993 -20.6327 38.8555 -23.7273 38.8555 -23.7273 40.557 -16.6865 40.557 -16.6865 40.557 -16.6865 36.7465 -16.5159 DRIBBLE
46.7624 -20.88 44.9084 -20.6269 39.036 -23.6972 39.036 -23.6972 41.2456 -16.5821 41.2456 -16.5821 41.2456 -16.5821 37.1455 -16.5009 DRIBBLE
47.4433 -20.8737 45.9213 -20.5407 39.2293 -23.6494 39.2293 -23.6494 41.9027 -16.4704 41.9027 -16.4704 41.9027 -16.4704 37.6645 -16.4372 DRIBBLE
48.0715 -20.8652 46.9678 -20.5033 39.4165 -23.6042 39.4165 -23.6042 42.5623 -16.3246 42.5623 -16.3246 42.5623 -16.3246 38.2419 -16.3414 DRIBBLE
48.604 -20.2492 47.4856 -20.4833 39.6099 -23.5751 39.6099 -23.5751 43.2317 -16.1694 43.2317 -16.1694 43.2317 -16.1694 38.9378 -16.2708 DRIBBLE
49.0954 -19.6771 47.7462 -20.4686 39.6905 -23.5656 39.6905 -23.5656 43.8958 -16.0522 43.8958 -16.0522 43.8958 -16.0522 39.2442 -16.2323 DRIBBLE
49.589 -19.1247 48.2104 -20.0675 39.8347 -23.5682 39.8347 -23.5682 44.1412 -16.0028 44.1412 -16.0028 44.1412 -16.0028 39.3816 -16.221 DRIBBLE
50.0533 -18.6053 48.7942 -19.5183 40.0101 -23.5734 40.0101 -23.5734 44.5836 -15.741 44.5836 -15.741 44.5836 -15.741 39.6976 -16.0834 DRIBBLE
50.492 -18.1136 49.4349 -18.8431 40.1842 -23.5859 40.1842 -23.5859 45.0886 -15.4141 45.0886 -15.4141 45.0886 -15.4141 40.104 -15.8988 DRIBBLE
50.9231 -17.6366 50.0637 -18.041 40.3608 -23.5907 40.3608 -23.5907 45.664 -15.0317 45.664 -15.0317 45.664 -15.0317 40.2803 -15.8142 DRIBBLE
51.1443 -16.8859 50.3372 -17.6632 40.5344 -23.6052 40.5344 -23.6052 46.217 -14.6565 46.217 -14.6565 46.217 -14.6565 40.3667 -15.7756 DRIBBLE
51.3373 -16.1537 50.4709 -17.4827 40.7275 -23.6279 40.7275 -23.6279 46.7686 -14.2885 46.7686 -14.2885 46.7686 -14.2885 40.6881 -15.8034 DRIBBLE
51.5237 -15.4763 50.7174 -16.8905 40.8025 -23.6338 40.8025 -23.6338 47.3152 -13.8686 47.3152 -13.8686 47.3152 -13.8686 45.9139 -7.7393 DRIBBLE
51.6787 -14.8507 51.0524 -16.0574 40.9399 -23.5915 40.9399 -23.5915 47.869 -13.5401 47.869 -13.5401 47.869 -13.5401 46.174 -7.6774 DRIBBLE
51.8293 -14.2785 51.399 -15.1559 41.0912 -23.5217 41.0912 -23.5217 48.5279 -13.0484 48.5279 -13.0484 48.5279 -13.0484 46.1071 -7.2422 DRIBBLE
52.1851 -14.9558 51.5616 -14.7279 41.245 -23.4465 41.245 -23.4465 48.7529 -12.8465 48.7529 -12.8465 48.7529 -12.8465 46.0862 -7.0736 DRIBBLE
51.5409 -14.0918 51.6577 -14.5243 41.3052 -23.4161 41.3052 -23.4161 48.835 -12.7771 48.835 -12.7771 48.835 -12.7771 46.0799 -7.0065 DRIBBLE
52.3205 -5.8877 51.8013 -6.1904 51.8013 -6.1904 51.8013 -6.1904 51.543 -14.0078 51.543 -14.0078 51.543 -14.0078 41.5973 -23.2958 UNSUCCESSFUL DRIBBLE
33.2704 7.7684 32.8513 7.8175 30.9874 1.2245 30.9874 1.2245 23.2807 0.2022 23.2807 0.2022 23.2807 0.2022 22.0561 18.6557 PASS
33.4242 7.7727 32.9413 7.8321 31.3399 1.581 31.3399 1.581 23.9717 0.5756 23.9717 0.5756 23.9717 0.5756 16.2974 -11.8007 DRIBBLE
33.5649 7.7793 32.9839 7.8376 31.7215 1.9831 31.7215 1.9831 24.6761 0.9405 24.6761 0.9405 24.6761 0.9405 17.0245 -11.5668 DRIBBLE
22.4481 7.7843 21.3922 8.932 29.7465 8.3609 29.7465 8.3609 16.0214 11.8539 27.3679 4.224 27.3679 4.224 25.1996 20.924 PASS
21.4272 7.8494 20.9967 8.158 29.5132 8.3429 29.5132 8.3429 15.8291 12.0422 27.5158 4.9905 27.5158 4.9905 24.9431 21.4148 DRIBBLE
20.4635 7.9161 20.8278 7.7915 14.1454 2.5988 14.1454 2.5988 15.7509 12.1239 15.7509 12.1239 15.7509 12.1239 27.6939 5.7755 DRIBBLE
20.9884 7.2523 20.836 7.8067 29.0948 8.3127 29.0948 8.3127 15.4724 12.4444 27.7761 6.1696 27.7761 6.1696 18.8739 -7.9209 DRIBBLE
20.4487 8.3532 20.8393 7.8135 28.6967 8.2987 28.6967 8.2987 27.8116 6.3588 15.0995 12.8498 15.0995 12.8498 27.8116 6.3588 DRIBBLE
11.2281 23.4408 11.1163 23.9316 18.9831 10.2391 18.9831 10.2391 12.1074 15.4111 12.1074 15.4111 12.1074 15.4111 21.9301 25.8931 PASS
10.313 24.0178 11.3988 23.6334 18.5511 10.7857 18.5511 10.7857 11.5797 15.7949 11.5797 15.7949 11.5797 15.7949 21.4213 26.3268 DRIBBLE
3.2757 28.5077 2.8266 28.0802 5.6198 19.262 5.6198 19.262 6.0199 25.9235 6.0199 25.9235 6.0199 25.9235 19.5223 16.4017 UNSUCCESSFUL DRIBBLE
12.0128 29.2357 12.4974 29.5542 2.2062 28.2264 2.2062 28.2264 3.9528 26.916 3.9528 26.916 3.9528 26.916 18.6028 17.7028 PASS
12.4357 29.105 12.5754 29.5589 1.6087 28.0926 1.6087 28.0926 20.3045 25.9113 20.3045 25.9113 20.3045 25.9113 12.4716 19.7981 DRIBBLE
16.1317 33.2066 16.2603 32.6856 8.8444 24.5707 8.8444 24.5707 22.199 28.0833 22.199 28.0833 14.6907 22.9694 23.0627 18.6081 DRIBBLE
15.9959 33.2988 16.3301 32.8567 8.9421 24.8029 8.9421 24.8029 22.8314 28.1968 22.8314 28.1968 22.8314 28.1968 14.7539 22.9982 DRIBBLE
15.9842 32.5897 16.3627 32.9413 8.9866 24.9061 8.9866 24.9061 23.0892 28.2347 23.0892 28.2347 23.0892 28.2347 14.782 23.0097 DRIBBLE
18.155 28.5021 17.5968 28.5657 9.1916 24.6481 9.1916 24.6481 15.5199 26.2169 15.5199 26.2169 15.5199 26.2169 23.6714 18.5766 DRIBBLE
20.2459 25.3724 19.8728 25.6237 10.2832 23.8262 23.7746 16.2457 17.4421 23.5411 17.4421 23.5411 17.4421 23.5411 25.0971 17.1799 DRIBBLE
20.5819 24.8675 20.168 25.2842 10.6035 23.5849 23.8155 15.5869 17.8886 22.9496 17.8886 22.9496 17.8886 22.9496 25.5925 17.1852 DRIBBLE
22.314 23.2407 22.0238 23.5014 24.6212 14.6313 24.6212 14.6313 19.4502 20.6618 19.4502 20.6618 19.4502 20.6618 26.879 16.4195 DRIBBLE
24.1571 15.9299 24.5685 15.6128 23.4799 23.4063 23.4799 23.4063 23.929 12.0654 23.929 12.0654 21.0263 18.3581 28.6406 14.703 PASS
25.0165 15.592 24.4063 15.9317 23.9841 23.6071 23.9841 23.6071 21.462 17.7374 23.9433 12.0597 23.9433 12.0597 21.462 17.7374 DRIBBLE
25.1508 16.1562 24.3156 16.0857 24.4556 23.8053 24.4556 23.8053 21.8301 17.117 21.8301 17.117 21.8301 17.117 29.7921 13.7318 DRIBBLE
24.316 16.9778 24.2709 16.1597 24.9127 23.9996 24.9127 23.9996 21.9922 16.8574 21.9922 16.8574 21.9922 16.8574 30.2487 13.318 DRIBBLE
24.0754 16.5989 24.2506 16.1971 25.3737 24.1892 25.3737 24.1892 22.5303 16.5863 22.5303 16.5863 22.5303 16.5863 30.7099 12.815 DRIBBLE
25.6359 16.6477 24.2401 16.2154 25.9569 24.4457 25.9569 24.4457 22.7552 16.448 22.7552 16.448 22.7552 16.448 30.9172 12.5464 DRIBBLE
32.7922 16.592 33.4268 18.5015 32.2448 11.8968 32.2448 11.8968 29.0696 23.1944 29.0696 23.1944 24.8502 16.2496 25.7708 -1.0499 UNSUCCESSFUL DRIBBLE
33.6686 16.5948 33.6733 17.936 32.8838 11.66 32.8838 11.66 29.3972 22.9892 29.3972 22.9892 29.3972 22.9892 25.153 16.1535 DRIBBLE
34.4935 16.6054 34.1573 17.3446 33.5882 11.4142 33.5882 11.4142 29.9486 22.9074 29.9486 22.9074 29.9486 22.9074 25.4764 16.0435 DRIBBLE
34.84 16.8241 34.3572 17.1133 34.1405 11.1669 34.1405 11.1669 30.6244 22.9133 30.6244 22.9133 30.6244 22.9133 25.7838 15.9561 DRIBBLE
35.1508 17.0282 34.4329 17.012 34.6615 10.9373 34.6615 10.9373 31.3387 22.9238 31.3387 22.9238 31.3387 22.9238 26.1144 15.8512 DRIBBLE
34.4091 16.2222 34.4628 16.9701 35.1522 10.7489 35.1522 10.7489 32.1228 22.904 32.1228 22.904 32.1228 22.904 26.4437 15.737 DRIBBLE
30.3201 9.5206 30.6615 9.056 36.0119 10.0648 36.0119 10.0648 26.9928 15.3056 26.9928 15.3056 26.9928 15.3056 34.4221 -14.6041 PASS
30.6735 8.6338 30.5303 9.2005 36.2375 9.6191 36.2375 9.6191 27.3619 14.8731 27.3619 14.8731 27.3619 14.8731 21.1505 17.1126 DRIBBLE
30.7709 8.6325 30.4734 9.2546 36.3439 9.4072 36.3439 9.4072 27.5573 14.5658 27.5573 14.5658 27.5573 14.5658 21.4088 16.5072 DRIBBLE
30.8621 8.6338 30.4503 9.2755 27.1297 13.9004 36.3961 9.3125 27.8864 14.1082 27.8864 14.1082 27.8864 14.1082 21.6898 15.8925 DRIBBLE
27.4252 7.0165 27.4845 7.8133 26.5705 13.0691 26.5705 13.0691 30.3933 10.7213 30.3933 10.7213 30.3933 10.7213 31.4453 23.2104 DRIBBLE
25.1289 6.3107 25.681 6.9171 25.0706 12.841 25.0706 12.841 31.1651 8.5277 31.1651 8.5277 31.1651 8.5277 24.2804 -6.6771 DRIBBLE
22.4546 6.2913 23.0815 6.4948 21.9901 12.5723 21.9901 12.5723 30.4325 6.9551 30.4325 6.9551 30.4325 6.9551 21.7034 -6.3972 DRIBBLE
21.9213 5.9731 22.7381 6.4514 21.5011 12.4953 21.5011 12.4953 29.9364 6.8469 29.9364 6.8469 29.9364 6.8469 21.2175 -6.5375 DRIBBLE
20.0325 4.9314 20.6742 5.2518 19.3529 12.4173 19.3529 12.4173 28.0189 6.0552 28.0189 6.0552 28.0189 6.0552 14.2395 14.076 DRIBBLE
16.507 4.1835 17.0519 4.5277 17.4706 12.6475 8.3383 2.3597 25.4947 3.8158 8.1424 2.9515 25.4947 3.8158 11.5858 14.2653 DRIBBLE
14.308 4.0879 15.1255 4.3085 6.8692 2.0496 6.8692 2.0496 7.3798 2.6486 7.3798 2.6486 7.3798 2.6486 23.8037 3.4247 DRIBBLE
11.5526 6.4254 12.2958 6.3838 11.5845 13.6797 11.5845 13.6797 7.4269 2.878 7.4269 2.878 7.4269 2.878 21.5453 4.0609 DRIBBLE
2.9831 5.0836 2.4992 4.9019 10.9826 6.436 10.9826 6.436 5.0784 2.916 5.0784 2.916 5.0784 2.916 4.6056 14.1271 PASS
2.8788 5.8525 2.5197 5.1201 10.4938 6.2741 10.4938 6.2741 4.4191 2.9121 4.4191 2.9121 4.4191 2.9121 4.0281 14.0474 DRIBBLE
2.2374 5.7862 2.5323 5.2282 10.0632 6.121 10.0632 6.121 3.7759 2.9315 3.7759 2.9315 3.7759 2.9315 3.4179 13.9193 DRIBBLE
1.6461 5.7287 2.5358 5.2805 9.5521 5.9286 9.5521 5.9286 3.1168 2.9201 3.1168 2.9201 3.1168 2.9201 2.8203 13.8199 DRIBBLE
1.088 5.67 2.0279 5.4072 9.1064 5.7667 9.1064 5.7667 2.4544 2.9399 2.4544 2.9399 2.4544 2.9399 2.1976 13.7252 DRIBBLE
0.5551 5.5994 1.3008 5.4947 8.5933 5.6037 8.5933 5.6037 1.7645 2.9619 1.7645 2.9619 1.7645 2.9619 1.5555 13.6296 DRIBBLE
0.8175 4.8361 0.9219 5.5617 8.1531 5.4336 8.1531 5.4336 1.1089 2.9418 1.1089 2.9418 1.1089 2.9418 0.8598 13.5295 DRIBBLE
-0.1794 5.7628 0.7362 5.5884 7.7436 5.2901 7.7436 5.2901 0.8493 2.9342 0.8493 2.9342 0.8493 2.9342 0.531 13.4726 DRIBBLE
-31.7089 18.2348 -31.9721 17.6 -27.3818 12.3752 -27.3818 12.3752 -25.1356 19.6706 -25.1356 19.6706 -9.9016 11.7691 -25.1356 19.6706 PASS
-27.0762 12.7629 -27.039 12.3797 -32.5714 16.1938 -32.5714 16.1938 -27.8704 16.8095 -27.8704 16.8095 -27.8704 16.8095 -26.4264 27.5461 PASS
-26.5293 12.1634 -27.0499 12.379 -32.68 15.9867 -32.68 15.9867 -28.1158 16.5065 -28.1158 16.5065 -28.1158 16.5065 -18.4918 0.0427 DRIBBLE
-24.0619 9.9347 -24.7981 10.303 -23.2027 16.9291 -23.2027 16.9291 -29.2638 13.9485 -29.2638 13.9485 -29.2638 13.9485 -19.9816 -0.9504 DRIBBLE
-21.0015 14.9832 -21.7233 15.3509 -23.9173 9.516 -23.9173 9.516 -18.6966 17.1953 -18.6966 17.1953 -18.6966 17.1953 -28.8522 11.8422 PASS
-20.4142 14.6293 -21.399 15.1935 -23.8874 9.4895 -23.8874 9.4895 -18.9731 17.1163 -18.9731 17.1163 -18.9731 17.1163 -28.668 11.6075 DRIBBLE
-19.8734 14.3039 -20.8064 14.9062 -23.8746 9.4788 -23.8746 9.4788 -19.0913 17.0837 -19.0913 17.0837 -19.0913 17.0837 -28.163 11.5624 DRIBBLE
-19.3631 14.0081 -20.0861 14.5625 -23.7466 9.3637 -23.7466 9.3637 -19.1439 17.0677 -19.1439 17.0677 -19.1439 17.0677 -27.8997 11.3804 DRIBBLE
-18.6835 13.6632 -19.7687 14.406 -23.4176 9.3661 -23.4176 9.3661 -18.755 17.0544 -18.755 17.0544 -18.755 17.0544 -27.4891 11.3548 DRIBBLE
-18.0608 13.3431 -19.1938 14.0579 -22.9825 9.4165 -22.9825 9.4165 -18.207 17.0062 -18.207 17.0062 -18.207 17.0062 -27.2471 11.1841 DRIBBLE
-17.4632 13.0209 -18.5296 13.6977 -22.8128 9.4205 -22.8128 9.4205 -17.5243 16.9666 -17.5243 16.9666 -17.5243 16.9666 -26.8661 10.9055 DRIBBLE
-16.9235 12.7153 -17.8 13.3077 -22.3977 9.2389 -22.3977 9.2389 -16.8766 16.9037 -16.8766 16.9037 -16.8766 16.9037 -26.2954 10.8254 DRIBBLE
-16.3919 12.4281 -16.9965 12.9212 -21.9112 9.0121 -21.9112 9.0121 -16.2006 16.8812 -16.2006 16.8812 -16.2006 16.8812 -25.8019 10.8262 DRIBBLE
-15.7261 12.1354 -16.6285 12.7441 -21.425 8.7622 -21.425 8.7622 -15.5249 16.8523 -15.5249 16.8523 -15.5249 16.8523 -25.543 10.6643 DRIBBLE
-15.1223 11.8472 -16.0319 12.4119 -20.8646 8.4959 -20.8646 8.4959 -14.791 16.7955 -14.791 16.7955 -14.791 16.7955 -25.0124 10.6487 DRIBBLE
-14.5553 11.548 -15.3346 12.0205 -20.6322 8.3848 -20.6322 8.3848 -14.0849 16.7388 -14.0849 16.7388 -14.0849 16.7388 -24.6932 10.4849 DRIBBLE
-14.0168 11.2655 -14.5803 11.5598 -20.2936 8.3567 -20.2936 8.3567 -13.3653 16.6678 -13.3653 16.6678 -13.3653 16.6678 -24.1908 10.4743 DRIBBLE
-13.3241 10.8858 -14.2309 11.3537 -19.8849 8.329 -19.8849 8.329 -12.651 16.5731 -12.651 16.5731 -12.651 16.5731 -23.912 10.3095 DRIBBLE
-12.6851 10.5181 -13.6421 10.9898 -19.3422 8.2937 -19.3422 8.2937 -11.9994 16.5032 -11.9994 16.5032 -11.9994 16.5032 -23.3848 10.2864 DRIBBLE
-12.0744 10.1647 -12.8935 10.5713 -18.754 8.3041 -18.754 8.3041 -11.3196 16.4672 -11.3196 16.4672 -11.3196 16.4672 -22.8747 10.1212 DRIBBLE
-11.4811 9.8096 -12.1249 10.1431 -18.237 8.2971 -18.237 8.2971 -10.6321 16.4387 -10.6321 16.4387 -10.6321 16.4387 -22.3713 9.8792 DRIBBLE
-11.7475 9.0497 -11.7497 9.9162 -18.0403 8.2847 -18.0403 8.2847 -9.9171 16.4523 -9.9171 16.4523 -9.9171 16.4523 -21.8787 9.6223 DRIBBLE
-11.1187 9.155 -11.5765 9.815 -17.7232 8.1648 -17.7232 8.1648 -9.2005 16.4486 -3.9792 6.8153 -3.9792 6.8153 -9.2005 16.4486 DRIBBLE
-10.533 9.2507 -11.4962 9.7675 -17.6023 8.1268 -17.6023 8.1268 -8.4985 16.4555 -3.597 6.5685 -3.597 6.5685 -8.4985 16.4555 DRIBBLE
-9.9822 9.3457 -10.9503 9.6962 -17.5569 8.1079 -17.5569 8.1079 -7.7997 16.4121 -7.7997 16.4121 -7.7997 16.4121 -20.6675 8.9369 DRIBBLE
-9.4445 9.4454 -10.2283 9.5927 -17.1259 8.0529 -17.1259 8.0529 -7.0731 16.3788 -7.0731 16.3788 -7.0731 16.3788 -20.1094 8.9031 DRIBBLE
-8.9443 9.3996 -9.8895 9.5214 -16.7078 8.0052 -16.7078 8.0052 -6.3633 16.32 -6.3633 16.32 -6.3633 16.32 -19.6228 8.9196 DRIBBLE
-0.102 7.944 1.5409 6.4377 -8.9001 10.0132 -8.9001 10.0132 -0.9601 5.4127 -0.9601 5.4127 -0.9601 5.4127 -3.6268 16.147 PASS
1.906 7.6724 1.7613 6.8333 -8.3781 10.3667 -8.3781 10.3667 -0.3875 5.4242 -0.3875 5.4242 -0.3875 5.4242 9.7362 9.4062 DRIBBLE
2.6398 7.7015 1.8786 7.035 -7.921 10.6099 -7.921 10.6099 0.2224 5.4175 0.2224 5.4175 0.2224 5.4175 10.2664 9.6359 DRIBBLE
3.3551 7.7098 2.4365 7.2361 -7.7094 10.7031 -7.7094 10.7031 0.8347 5.4148 0.8347 5.4148 0.8347 5.4148 10.5243 9.7554 DRIBBLE
4.0065 7.7182 3.2244 7.4607 -7.2315 10.8569 -7.2315 10.8569 1.4409 5.3736 1.4409 5.3736 1.4409 5.3736 10.9239 9.8016 DRIBBLE
4.6237 7.7318 4.1178 7.7397 -7.0143 10.9327 -7.0143 10.9327 2.0906 5.3715 2.0906 5.3715 2.0906 5.3715 11.3604 9.7905 DRIBBLE
5.2781 7.6943 4.5524 7.86 -6.6305 11.1307 -6.6305 11.1307 2.7797 5.3569 2.7797 5.3569 2.7797 5.3569 11.674 9.8921 DRIBBLE
5.8955 7.6741 4.7857 7.9116 -6.2179 11.3352 -6.2179 11.3352 3.4384 5.3527 3.4384 5.3527 3.4384 5.3527 12.0633 9.9448 DRIBBLE
6.4951 7.6404 5.4211 7.8601 -5.8221 11.5568 -5.8221 11.5568 4.0715 5.3855 4.0715 5.3855 4.0715 5.3855 12.5526 9.9706 DRIBBLE
7.07 7.6232 6.2457 7.8471 -5.3095 11.8249 -5.3095 11.8249 4.7414 5.3826 4.7414 5.3826 4.7414 5.3826 13.065 9.9778 DRIBBLE
7.9066 7.5858 6.6548 7.8245 -4.7437 12.1361 -4.7437 12.1361 5.373 5.3539 5.373 5.3539 5.373 5.3539 13.5284 9.7072 DRIBBLE
8.7197 7.5349 7.4352 7.776 -4.104 12.4301 -4.104 12.4301 6.0109 5.3524 6.0109 5.3524 6.0109 5.3524 13.7527 9.5694 DRIBBLE
9.4722 7.4513 8.4112 7.696 -3.4841 12.7249 -3.4841 12.7249 6.6627 5.3539 6.6627 5.3539 6.6627 5.3539 13.8637 9.5041 DRIBBLE
10.1558 7.3626 9.3741 7.6276 -2.9833 12.9854 -2.9833 12.9854 7.3079 5.3627 7.3079 5.3627 7.3079 5.3627 14.3052 9.4519 DRIBBLE
50.9286 21.6894 50.619 22.0832 44.0141 11.6512 44.0141 11.6512 47.7686 16.3971 47.7686 16.3971 33.4558 18.8247 21.1188 6.4848 PASS
51.26 18.02 51.339 18.3968 44.2204 10.4884 44.2204 10.4884 48.0851 15.2652 48.0851 15.2652 48.0851 15.2652 45.9964 8.7485 DRIBBLE
51.2561 18.0652 51.3384 18.4413 44.3305 10.3261 44.3305 10.3261 48.154 15.0106 48.154 15.0106 48.154 15.0106 46.1122 8.3515 DRIBBLE
50.9751 16.7039 51.144 17.2335 44.2461 9.5625 44.2461 9.5625 48.2663 14.2763 48.2663 14.2763 48.2663 14.2763 46.235 8.0291 DRIBBLE
50.7489 17.3481 51.1065 16.9253 44.1998 9.4817 44.1998 9.4817 48.2749 14.2057 48.2749 14.2057 48.2749 14.2057 46.239 8.0194 DRIBBLE
51.0703 13.9189 51.0024 14.4953 44.8709 8.6634 44.8709 8.6634 48.3848 13.296 48.3848 13.296 48.3848 13.296 46.719 7.4148 DRIBBLE
51.2311 12.0444 51.0571 12.5764 44.8356 8.2231 44.8356 8.2231 50.7794 13.9681 50.7794 13.9681 50.7794 13.9681 46.7256 7.4079 DRIBBLE
45.774 9.0604 44.4455 7.7678 51.1353 11.9672 51.1353 11.9672 46.6617 6.7644 46.6617 6.7644 50.4753 6.5473 46.6617 6.7644 PASS
44.1006 8.1662 44.3561 7.8782 50.7379 12.2384 50.7379 12.2384 46.586 6.3234 46.586 6.3234 42.7541 5.1622 46.586 6.3234 DRIBBLE
44.5525 7.2349 44.362 7.871 50.6253 12.3652 50.6253 12.3652 46.4823 5.7583 46.4823 5.7583 42.7495 5.2512 46.4823 5.7583 DRIBBLE
44.7782 7.9938 44.365 7.8679 50.4236 12.5212 50.4236 12.5212 46.3588 5.2622 46.3588 5.2622 42.4608 5.0712 46.3588 5.2622 DRIBBLE
44.9796 8.7252 44.3666 7.8664 50.1049 12.7386 50.1049 12.7386 46.3114 5.0233 46.3114 5.0233 41.9911 4.7718 46.3114 5.0233 DRIBBLE
45.1671 9.4081 44.7081 8.2515 49.7594 12.9733 49.7594 12.9733 46.2904 4.9126 48.8736 11.5428 48.8736 11.5428 46.2904 4.9126 DRIBBLE
45.3549 10.0589 44.8808 8.4322 49.3981 13.231 49.3981 13.231 46.282 4.8591 48.3747 11.1475 48.3747 11.1475 46.282 4.8591 DRIBBLE
45.5164 10.6637 45.0619 9.0295 48.8558 13.7225 48.8558 13.7225 48.1902 10.9743 48.1902 10.9743 48.1902 10.9743 46.1456 5.2073 DRIBBLE
45.6705 11.2466 45.2227 9.8652 48.1569 14.22 48.1569 14.22 47.6971 11.2474 47.6971 11.2474 47.6971 11.2474 46.0792 5.3717 DRIBBLE
45.8125 11.7955 45.3516 10.8304 47.7409 14.5211 47.7409 14.5211 47.1549 11.7418 47.1549 11.7418 47.1549 11.7418 46.041 5.4536 DRIBBLE
29.3976 29.442 29.067 29.0274 32.188 18.3592 32.188 18.3592 25.9389 20.7977 25.9389 20.7977 39.0196 14.9422 28.4581 1.5108 UNSUCCESSFUL DRIBBLE
29.3407 29.6561 29.4183 29.1389 31.7223 18.6734 31.7223 18.6734 25.3454 21.1932 25.3454 21.1932 25.3454 21.1932 38.2719 15.2819 DRIBBLE
29.2854 29.8549 29.5553 29.1889 31.1782 19.0175 31.1782 19.0175 24.771 21.5734 24.771 21.5734 24.771 21.5734 37.4981 15.6499 DRIBBLE
28.6298 29.894 29.6079 29.2086 30.6219 19.423 30.6219 19.423 24.2038 21.8846 24.2038 21.8846 24.2038 21.8846 36.6929 16.0059 DRIBBLE
26.9336 30.0377 28.3178 29.4947 29.3527 20.0699 29.3527 20.0699 22.3403 22.7825 22.3403 22.7825 22.3403 22.7825 34.3793 17.0667 DRIBBLE
26.4601 30.0928 27.5255 29.6906 28.7194 20.3438 28.7194 20.3438 21.7322 23.0621 21.7322 23.0621 21.7322 23.0621 33.9926 17.2013 DRIBBLE
26.0158 30.1411 26.6563 29.9602 28.0921 20.6504 28.0921 20.6504 21.1528 23.401 21.1528 23.401 21.1528 23.401 33.7936 17.2661 DRIBBLE
25.2846 30.3023 26.3275 30.0889 27.4825 20.9098 27.4825 20.9098 20.5551 23.7644 20.5551 23.7644 20.5551 23.7644 33.6903 17.2913 DRIBBLE
24.5819 30.4255 25.6331 30.224 26.857 21.161 26.857 21.161 20.2855 23.9573 20.2855 23.9573 20.2855 23.9573 33.4959 17.2216 DRIBBLE
23.9222 30.541 24.8753 30.3824 26.2315 21.4057 26.2315 21.4057 19.7854 24.1383 19.7854 24.1383 19.7854 24.1383 33.1177 17.2382 DRIBBLE
23.1876 30.6912 24.5708 30.4466 25.7588 21.5819 25.7588 21.5819 19.2303 24.296 19.2303 24.296 19.2303 24.296 32.6891 17.3369 DRIBBLE
22.5247 30.8472 23.9328 30.6253 25.312 21.7521 25.312 21.7521 18.6064 24.424 18.6064 24.424 18.6064 24.424 32.4773 17.3853 DRIBBLE
21.8943 30.9824 23.0725 30.8464 24.7328 21.9726 24.7328 21.9726 17.97 24.6368 17.97 24.6368 17.97 24.6368 31.9746 17.3567 DRIBBLE
21.2825 31.1282 22.1989 31.0543 24.1108 22.2049 24.1108 22.2049 17.3183 24.773 17.3183 24.773 17.3183 24.773 31.736 17.3365 DRIBBLE
20.5678 31.1402 21.8587 31.1602 23.8452 22.3042 23.8452 22.3042 16.6491 24.8977 16.6491 24.8977 16.6491 24.8977 31.6237 17.3346 DRIBBLE
19.9169 31.1303 21.1528 31.3726 23.3515 22.3069 23.3515 22.3069 16.0261 25.0858 16.0261 25.0858 16.0261 25.0858 31.1938 17.4207 DRIBBLE
19.3349 31.1238 20.2924 31.5881 22.6972 22.2656 22.6972 22.2656 15.3988 25.2772 15.3988 25.2772 15.3988 25.2772 30.584 17.5824 DRIBBLE
18.804 31.122 19.5965 31.4458 22.0335 22.2272 22.0335 22.2272 15.1004 25.3772 15.1004 25.3772 15.1004 25.3772 30.2013 17.66 DRIBBLE
18.0027 31.3173 19.3146 31.3883 21.3659 22.1989 21.3659 22.1989 14.5819 25.4314 14.5819 25.4314 14.5819 25.4314 29.5881 17.7478 DRIBBLE
17.2483 31.4985 18.632 31.5053 20.6654 22.1553 20.6654 22.1553 13.9311 25.4125 13.9311 25.4125 13.9311 25.4125 29.2972 17.8012 DRIBBLE
16.5639 31.6925 17.7932 31.6924 20.3629 22.143 20.3629 22.143 13.2788 25.3734 13.2788 25.3734 13.2788 25.3734 9.5643 14.9269 DRIBBLE
15.9226 31.881 16.9158 31.8432 19.8457 22.2122 19.8457 22.2122 12.6258 25.2774 12.6258 25.2774 12.6258 25.2774 9.1174 14.943 DRIBBLE
15.2483 31.8962 16.5629 31.9088 19.3762 22.3419 19.3762 22.3419 11.9454 25.2159 11.9454 25.2159 11.9454 25.2159 8.5406 14.9296 DRIBBLE
14.6136 31.9237 15.8939 32.0035 18.9206 22.4646 18.9206 22.4646 11.3239 25.1925 11.3239 25.1925 11.3239 25.1925 7.9298 14.8871 DRIBBLE
14.0315 31.9603 15.0815 32.089 18.3515 22.6579 18.3515 22.6579 10.6576 25.1882 10.6576 25.1882 10.6576 25.1882 7.3143 14.8478 DRIBBLE
13.4958 32.0153 14.2332 32.2483 17.7425 22.8672 17.7425 22.8672 9.943 25.2145 9.943 25.2145 9.943 25.2145 6.7241 14.7975 DRIBBLE
12.723 32.0421 13.9035 32.2957 17.2065 22.9775 17.2065 22.9775 9.2197 25.1926 9.2197 25.1926 9.2197 25.1926 6.1277 14.7786 DRIBBLE
11.9961 32.068 13.2573 32.382 16.736 23.0795 16.736 23.0795 8.5125 25.1634 8.5125 25.1634 8.5125 25.1634 5.5142 14.747 DRIBBLE
10.0373 32.0362 11.5529 32.2077 14.7942 23.5176 14.7942 23.5176 6.353 25.1687 6.353 25.1687 6.353 25.1687 3.6089 14.5756 DRIBBLE
9.4688 32.0008 10.7231 32.0516 14.1103 23.692 14.1103 23.692 5.6394 25.1689 5.6394 25.1689 5.6394 25.1689 2.9713 14.5615 DRIBBLE
8.9395 31.993 9.8258 31.9832 13.4083 23.9351 13.4083 23.9351 4.9321 25.1169 4.9321 25.1169 4.9321 25.1169 2.3487 14.5326 DRIBBLE
8.1903 31.9479 9.4623 31.955 13.0967 24.0475 13.0967 24.0475 4.21 25.1075 4.21 25.1075 4.21 25.1075 1.7117 14.4912 DRIBBLE
7.4869 31.9056 8.6941 31.8812 12.5637 24.1195 12.5637 24.1195 3.4765 25.0813 3.4765 25.0813 3.4765 25.0813 1.1127 14.472 DRIBBLE
6.8262 31.8647 7.7942 31.8082 11.9334 24.145 11.9334 24.145 2.7547 25.0438 2.7547 25.0438 2.7547 25.0438 0.5103 14.4009 DRIBBLE
6.2058 31.8279 6.8551 31.8205 11.425 24.1526 11.425 24.1526 2.0876 25.0271 2.0876 25.0271 2.0876 25.0271 -0.1216 14.3318 DRIBBLE
5.3612 31.7695 6.4898 31.8397 10.9468 24.1644 10.9468 24.1644 1.7821 25.0179 1.7821 25.0179 1.7821 25.0179 -0.7369 14.227 DRIBBLE
4.567 31.7087 5.7763 31.7746 10.3172 24.1213 10.3172 24.1213 1.3236 24.9014 1.3236 24.9014 1.3236 24.9014 -1.3367 14.1125 DRIBBLE
3.823 31.6522 4.9007 31.7042 9.6427 24.1612 9.6427 24.1612 0.7905 24.7187 0.7905 24.7187 0.7905 24.7187 -1.9398 14.0506 DRIBBLE
3.1123 31.5891 3.9796 31.5449 9.0985 24.1502 9.0985 24.1502 0.1317 24.5184 0.1317 24.5184 0.1317 24.5184 -2.5258 13.9959 DRIBBLE
2.2367 31.4589 3.6006 31.5089 8.4656 24.1291 8.4656 24.1291 -0.4965 24.3489 -0.4965 24.3489 -0.4965 24.3489 -2.8361 13.9732 DRIBBLE
1.4383 31.3267 2.9322 31.4945 7.7693 24.1305 7.7693 24.1305 -1.1754 24.162 -1.1754 24.162 -1.1754 24.162 -3.0495 13.9591 DRIBBLE
0.6869 31.2025 2.1499 31.4398 7.1605 24.111 7.1605 24.111 -1.8783 23.9288 -1.8783 23.9288 -1.8783 23.9288 -3.2236 13.9444 DRIBBLE
-0.0165 31.0905 1.2699 31.3336 6.4518 24.0778 6.4518 24.0778 -2.1768 23.8273 -2.1768 23.8273 -2.1768 23.8273 -3.3802 13.9397 DRIBBLE
-0.6844 30.9856 0.2956 31.244 6.1503 24.0808 6.1503 24.0808 -2.7299 23.7433 -2.7299 23.7433 -2.7299 23.7433 -3.5333 13.9323 DRIBBLE
-1.3185 30.8843 -0.6524 31.091 6.0213 24.0756 6.0213 24.0756 -3.3139 23.6816 -3.3139 23.6816 -3.3139 23.6816 -3.6951 13.9234 DRIBBLE
-2.1381 30.8204 -1.0667 31.0381 5.966 24.0734 5.966 24.0734 -3.971 23.6303 -3.971 23.6303 -3.971 23.6303 -3.8555 13.9021 DRIBBLE
-2.9104 30.757 -1.8227 30.9849 5.9425 24.0742 5.9425 24.0742 -4.6275 23.593 -4.6275 23.593 -4.6275 23.593 -3.9138 13.8929 DRIBBLE
-3.637 30.7016 -2.6352 30.915 5.5266 24.0584 5.5266 24.0584 -5.252 23.5949 -5.252 23.5949 -5.252 23.5949 -4.0291 13.8968 DRIBBLE
-4.3007 30.6752 -3.5691 30.8175 5.0809 24.035 5.0809 24.035 -5.5188 23.6028 -5.5188 23.6028 -5.5188 23.6028 -4.1612 13.9152 DRIBBLE
-5.1036 30.6523 -3.9391 30.7741 4.6234 24.0071 4.6234 24.0071 -5.8105 23.8891 -5.8105 23.8891 -5.8105 23.8891 -4.3057 13.9244 DRIBBLE
-5.8773 30.6305 -4.6833 30.7495 4.0445 23.9566 4.0445 23.9566 -5.9293 24.0161 -5.9293 24.0161 -5.9293 24.0161 -4.4533 13.9435 DRIBBLE
-6.5892 30.5807 -5.5494 30.6671 3.384 23.9201 3.384 23.9201 -5.985 24.0744 -5.985 24.0744 -5.985 24.0744 -4.6028 13.9575 DRIBBLE
-7.2591 30.5329 -6.4424 30.578 2.7045 23.8796 2.7045 23.8796 -6.3797 24.0182 -6.3797 24.0182 -6.3797 24.0182 -4.7487 13.988 DRIBBLE
-7.9368 30.7423 -6.8081 30.5476 2.037 23.8449 2.037 23.8449 -6.5601 23.9933 -6.5601 23.9933 -6.5601 23.9933 -4.904 14.0073 DRIBBLE
-9.8164 31.3261 -8.3714 30.8927 -0.0154 23.6449 -0.0154 23.6449 -7.0531 23.9651 -15.1593 28.3375 -15.1593 28.3375 -7.0531 23.9651 DRIBBLE
-10.3891 31.498 -9.251 31.126 -0.7577 23.5675 -0.7577 23.5675 -15.7269 28.3793 -15.7269 28.3793 -15.7269 28.3793 -7.5983 23.9703 DRIBBLE
-10.939 31.64 -10.1334 31.322 -1.5036 23.5293 -1.5036 23.5293 -16.362 28.4197 -16.362 28.4197 -16.362 28.4197 -8.2283 23.9398 DRIBBLE
-11.4727 31.7737 -10.4841 31.4028 -2.1701 23.5123 -2.1701 23.5123 -17.0157 28.4385 -17.0157 28.4385 -17.0157 28.4385 -8.8906 23.9303 DRIBBLE
-11.9758 31.9004 -11.1928 31.6361 -2.857 23.5006 -2.857 23.5006 -17.2741 28.4589 -17.2741 28.4589 -17.2741 28.4589 -9.567 23.9315 DRIBBLE
-12.6035 31.8741 -11.4818 31.7292 -3.1512 23.4966 -3.1512 23.4966 -17.3724 28.4581 -17.3724 28.4581 -17.3724 28.4581 -10.2029 23.9675 DRIBBLE
-13.1895 31.8539 -11.597 31.7565 -3.4744 23.6026 -3.4744 23.6026 -17.8009 28.4474 -17.8009 28.4474 -17.8009 28.4474 -10.8825 23.9785 DRIBBLE
-13.751 31.8468 -12.2372 31.7227 -3.8483 23.7754 -3.8483 23.7754 -18.3719 28.4342 -18.3719 28.4342 -18.3719 28.4342 -11.5729 24.0314 DRIBBLE
-14.2528 31.8357 -13.0305 31.6744 -4.3779 24.0368 -4.3779 24.0368 -18.9949 28.4339 -18.9949 28.4339 -18.9949 28.4339 -12.2643 24.0784 DRIBBLE
-14.7287 31.8254 -13.9615 31.6531 -4.9986 24.2765 -4.9986 24.2765 -19.6461 28.4248 -19.6461 28.4248 -19.6461 28.4248 -12.5808 24.0952 DRIBBLE
-14.7069 31.6059 -14.3242 31.6479 -5.5107 24.5433 -5.5107 24.5433 -20.2807 28.4243 -20.2807 28.4243 -20.2807 28.4243 -12.8298 24.0031 DRIBBLE
-15.4793 31.6021 -14.309 31.6488 -5.9344 24.7671 -5.9344 24.7671 -20.9315 28.4028 -20.9315 28.4028 -20.9315 28.4028 -13.0687 23.8782 DRIBBLE
-16.2041 31.6019 -14.8377 31.6468 -6.1189 24.8616 -6.1189 24.8616 -21.1846 28.3912 -21.1846 28.3912 -21.1846 28.3912 -13.4316 23.8737 DRIBBLE
-16.8747 31.5765 -15.6416 31.5796 -6.6065 24.9136 -6.6065 24.9136 -21.2863 28.3845 -21.2863 28.3845 -21.2863 28.3845 -13.5826 23.8713 DRIBBLE
-17.4936 31.5557 -16.5345 31.4792 -7.2118 24.963 -7.2118 24.963 -21.7134 28.3295 -21.7134 28.3295 -21.7134 28.3295 -13.7417 23.8282 DRIBBLE
-18.0994 31.4852 -16.8944 31.4386 -7.8716 25.0159 -7.8716 25.0159 -22.2836 28.2716 -22.2836 28.2716 -22.2836 28.2716 -13.898 23.7786 DRIBBLE
-18.6788 31.4001 -17.5812 31.4395 -8.5558 25.0765 -8.5558 25.0765 -22.8941 28.2476 -22.8941 28.2476 -22.8941 28.2476 -14.0668 23.7148 DRIBBLE
-19.2276 31.3241 -18.4836 31.3878 -9.292 25.1056 -9.292 25.1056 -23.5219 28.1968 -23.5219 28.1968 -23.5219 28.1968 -14.2347 23.6383 DRIBBLE
-19.9105 31.5681 -18.8345 31.3355 -9.9972 25.1302 -9.9972 25.1302 -24.1579 28.1127 -24.1579 28.1127 -24.1579 28.1127 -14.3989 23.5602 DRIBBLE
-21.7114 32.2411 -20.3973 31.8434 -11.8469 25.3029 -11.8469 25.3029 -26.0705 27.9217 -26.0705 27.9217 -26.0705 27.9217 -14.748 23.4585 DRIBBLE
-22.2783 32.4457 -21.2885 32.1849 -12.1163 25.327 -12.1163 25.327 -26.6919 27.8599 -26.6919 27.8599 -26.6919 27.8599 -14.9261 23.4267 DRIBBLE
-22.8254 32.461 -21.6283 32.3125 -12.3248 25.3452 -12.3248 25.3452 -27.3241 27.7992 -27.3241 27.7992 -27.3241 27.7992 -15.0981 23.3887 DRIBBLE
-23.3435 32.4538 -21.7788 32.3686 -12.5267 25.3595 -12.5267 25.3595 -27.9969 27.7747 -27.9969 27.7747 -27.9969 27.7747 -15.279 23.345 DRIBBLE
-23.8314 32.449 -22.4055 32.4019 -12.7206 25.3731 -12.7206 25.3731 -28.6119 27.7189 -28.6119 27.7189 -28.6119 27.7189 -15.4644 23.3121 DRIBBLE
-24.2836 32.4365 -23.1536 32.4208 -12.9001 25.3932 -12.9001 25.3932 -29.2687 27.6826 -29.2687 27.6826 -29.2687 27.6826 -15.6509 23.2861 DRIBBLE
-24.7232 32.4369 -24.0227 32.4371 -13.0861 25.4139 -13.0861 25.4139 -29.7964 27.6282 -29.7964 27.6282 -29.7964 27.6282 -15.8239 23.2643 DRIBBLE
-23.7849 19.3019 -24.8709 17.9074 -26.1349 29.6459 -26.1349 29.6459 -30.4234 15.0384 -16.7272 22.7125 -30.7204 25.6507 -16.7272 22.7125 PASS
-23.69 17.8197 -24.4978 17.805 -26.4618 28.9943 -26.4618 28.9943 -30.346 14.3022 -30.346 14.3022 -30.346 14.3022 -16.8572 22.5976 DRIBBLE
-24.8361 1.7283 -24.1429 1.8784 -25.7131 14.0824 -25.7131 14.0824 -31.044 2.1474 -31.044 2.1474 -30.9713 10.596 -31.044 2.1474 PASS
-25.4535 2.0272 -24.5183 1.972 -26.0538 13.361 -26.0538 13.361 -31.1859 1.6613 -31.1859 1.6613 -20.7328 -5.2837 -31.1859 1.6613 DRIBBLE
-25.9103 1.9446 -24.6832 2.0053 -26.3405 12.7955 -26.3405 12.7955 -31.2537 1.4295 -31.2537 1.4295 -31.2758 9.1392 -31.2537 1.4295 DRIBBLE
-27.1082 1.742 -25.9821 1.8311 -27.3228 10.6454 -27.3228 10.6454 -31.7118 0.7515 -31.7118 0.7515 -31.838 7.7307 -31.7118 0.7515 DRIBBLE
-27.4514 1.6826 -26.732 1.6614 -27.6911 9.9291 -27.6911 9.9291 -32.0224 0.4942 -32.0224 0.4942 -31.9668 7.4903 -32.0224 0.4942 DRIBBLE
-27.9783 1.5137 -27.0916 1.5672 -28.0027 9.1519 -28.0027 9.1519 -32.4461 0.1345 -32.4461 0.1345 -32.3739 7.0404 -32.4461 0.1345 DRIBBLE
-28.3345 1.4044 -27.2642 1.5118 -28.2257 8.4806 -28.2257 8.4806 -32.931 -0.2734 -32.931 -0.2734 -32.8668 6.5543 -32.931 -0.2734 DRIBBLE
-28.6676 1.3006 -27.8206 1.399 -28.5116 7.8121 -28.5116 7.8121 -33.4467 -0.7475 -33.4467 -0.7475 -33.3782 6.0557 -33.4467 -0.7475 DRIBBLE
-29.0897 1.3734 -28.0609 1.3264 -28.7509 7.2408 -28.7509 7.2408 -33.7138 -0.9974 -33.7138 -0.9974 -33.9123 5.4985 -33.7138 -0.9974 DRIBBLE
-29.4761 1.4292 -28.1816 1.2953 -28.9575 6.6932 -28.9575 6.6932 -34.2564 -1.241 -34.2564 -1.241 -34.1371 5.2927 -34.2564 -1.241 DRIBBLE
-29.8432 1.4871 -28.7153 1.3364 -29.0656 6.4474 -29.0656 6.4474 -34.8886 -1.422 -34.8886 -1.422 -34.6249 5.0245 -34.8886 -1.422 DRIBBLE
-30.1811 1.5464 -29.4299 1.4787 -29.4594 6.078 -29.4594 6.078 -35.2188 4.6703 -35.2188 4.6703 -35.2188 4.6703 -35.5879 -1.6031 DRIBBLE
-30.6204 1.4533 -29.7476 1.5464 -29.8598 5.6916 -29.8598 5.6916 -35.8635 4.3452 -35.8635 4.3452 -35.8635 4.3452 -36.3346 -1.7696 DRIBBLE
-31.0326 1.3625 -29.8927 1.5891 -30.2657 5.3019 -30.2657 5.3019 -36.5276 3.9966 -36.5276 3.9966 -36.5276 3.9966 -37.0388 -1.9323 DRIBBLE
-31.4208 1.2768 -30.4156 1.5263 -30.7358 4.8239 -30.7358 4.8239 -37.2254 3.6645 -37.2254 3.6645 -37.2254 3.6645 -37.3775 -2.0147 DRIBBLE
-30.8982 2.0997 -30.6567 1.5012 -31.2735 4.3253 -31.2735 4.3253 -37.9751 3.3125 -37.9751 3.3125 -37.9751 3.3125 -37.5239 -2.058 DRIBBLE
-31.569 1.7541 -30.764 1.4969 -31.7548 3.9464 -31.7548 3.9464 -37.9639 -2.0024 -38.6656 3.0229 -38.6656 3.0229 -37.9639 -2.0024 DRIBBLE
-32.1961 1.4187 -31.2533 1.3935 -32.1911 3.5886 -32.1911 3.5886 -38.5664 -1.9247 -39.2694 2.732 -39.2694 2.732 -38.5664 -1.9247 DRIBBLE
-32.6629 1.7989 -31.4772 1.3461 -32.6221 3.2413 -32.6221 3.2413 -39.2057 -1.8414 -39.9296 2.4163 -39.9296 2.4163 -39.2057 -1.8414 DRIBBLE
-33.101 2.1562 -32.8406 3.0783 -31.5734 1.3191 -31.5734 1.3191 -40.4626 2.1438 -40.4626 2.1438 -40.4626 2.1438 -39.5187 -1.8083 PASS
-33.8885 2.3505 -32.9532 2.992 -31.615 1.3055 -31.615 1.3055 -40.6701 2.0344 -40.6701 2.0344 -40.6701 2.0344 -39.8333 -1.4497 DRIBBLE
-34.6436 2.5274 -33.5708 2.9392 -31.5953 1.2145 -31.5953 1.2145 -40.7567 1.9883 -40.7567 1.9883 -40.7567 1.9883 -39.98 -1.2965 DRIBBLE
-35.3429 2.6856 -34.4265 2.9368 -31.5518 1.0826 -31.5518 1.0826 -40.8197 2.1378 -40.8197 2.1378 -40.8197 2.1378 -40.3508 -1.4768 DRIBBLE
-35.9932 2.8064 -35.3701 2.9194 -31.4922 0.9345 -31.4922 0.9345 -41.2948 2.0878 -41.2948 2.0878 -41.2948 2.0878 -40.621 -1.4388 DRIBBLE
-36.6999 2.8296 -35.8397 2.9158 -31.4616 0.8668 -31.4616 0.8668 -41.5917 2.0235 -41.5917 2.0235 -41.5917 2.0235 -40.8497 -1.2997 DRIBBLE
-37.0986 2.8675 -36.0612 2.9317 -31.4445 0.7363 -31.4445 0.7363 -41.7562 2.1558 -41.7562 2.1558 -41.7562 2.1558 -41.0581 -1.1252 DRIBBLE
-37.5426 2.8803 -36.1636 2.9381 -31.4382 0.5671 -31.4382 0.5671 -42.2656 2.1517 -42.2656 2.1517 -42.2656 2.1517 -41.1553 -1.0493 DRIBBLE
-37.9583 2.8889 -36.7134 2.928 -31.436 0.4891 -31.436 0.4891 -42.4705 2.1677 -42.4705 2.1677 -42.4705 2.1677 -41.2025 -1.0135 DRIBBLE
-38.3601 2.8859 -37.5032 2.9278 -31.4617 0.3676 -31.4617 0.3676 -41.2252 -0.9964 -42.9875 2.0974 -42.9875 2.0974 -41.2252 -0.9964 DRIBBLE
-38.5487 3.3147 -37.9158 2.9476 -31.487 0.2136 -31.487 0.2136 -41.6496 -1.0033 -43.278 2.0349 -43.278 2.0349 -41.6496 -1.0033 DRIBBLE
-38.7096 3.7132 -38.1009 2.9605 -31.5075 0.0547 -31.5075 0.0547 -43.4186 2.1756 -43.4186 2.1756 -43.4186 2.1756 -42.2208 7.2935 DRIBBLE
-38.751 4.0473 -38.1888 2.9684 -31.5473 -0.1216 -31.5473 -0.1216 -43.4769 2.2333 -43.4769 2.2333 -43.4769 2.2333 -42.5332 7.5374 DRIBBLE
-38.7938 4.3702 -38.4355 3.4102 -31.5965 -0.2959 -31.5965 -0.2959 -43.5682 2.4246 -42.6527 7.6306 -42.6527 7.6306 -43.0154 -1.0258 DRIBBLE
-38.7102 4.4784 -38.5621 3.6327 -31.6486 -0.4792 -31.6486 -0.4792 -43.6003 2.4987 -42.6991 7.6606 -42.6991 7.6606 -43.1364 -1.0226 DRIBBLE
-38.6292 4.5815 -38.6339 3.7443 -31.6922 -0.6569 -31.6922 -0.6569 -43.6126 2.5289 -42.7157 7.6737 -42.7157 7.6737 -43.1968 -1.0185 DRIBBLE
-38.7932 4.8134 -38.668 3.7995 -31.7377 -0.8182 -31.7377 -0.8182 -43.6172 2.5411 -42.7223 7.6782 -42.7223 7.6782 -43.2252 -1.0167 DRIBBLE
-38.9464 5.0325 -38.6848 3.8272 -31.7735 -0.9842 -31.7735 -0.9842 -43.6186 2.5459 -42.7248 7.6802 -42.7248 7.6802 -43.2384 -1.017 DRIBBLE
-39.086 5.2326 -38.8631 4.3346 -31.8013 -1.1649 -31.8013 -1.1649 -43.69 2.7259 -42.7257 7.681 -42.7257 7.681 -43.3715 -0.9054 DRIBBLE
-39.2101 5.4146 -38.9527 4.5839 -31.8463 -1.3439 -31.8463 -1.3439 -42.7261 7.6814 -42.7261 7.6814 -42.7261 7.6814 -43.4349 -0.8524 DRIBBLE
-39.8039 5.1645 -38.9991 4.72 -31.8658 -1.429 -31.8658 -1.429 -42.7262 7.6815 -42.7262 7.6815 -42.7262 7.6815 -43.4615 -0.8283 DRIBBLE
-38.9938 5.5887 -39.0207 4.7813 -31.936 -1.5551 -31.936 -1.5551 -42.7262 7.6815 -42.7262 7.6815 -42.7262 7.6815 -32.2071 2.5884 DRIBBLE
-38.8197 4.0118 -39.0302 4.8104 -32.0339 -1.691 -32.0339 -1.691 -42.7263 7.6815 -43.7362 2.8388 -43.7362 2.8388 -42.7263 7.6815 DRIBBLE
-41.502 -9.2549 -41.1221 -9.1927 -32.182 -2.3456 -32.182 -2.3456 -43.4045 -6.6057 -43.4045 -6.6057 -43.4045 -6.6057 -44.6449 -2.0285 PASS
-43.9625 -8.2572 -43.6156 -7.2184 -45.0705 -2.6385 -45.0705 -2.6385 -41.1194 -9.1819 -41.1194 -9.1819 -41.1194 -9.1819 -38.9847 2.5936 UNSUCCESSFUL DRIBBLE
-44.4162 -8.0132 -43.6968 -7.4726 -45.3847 -3.1656 -45.3847 -3.1656 -41.118 -9.1768 -41.118 -9.1768 -41.118 -9.1768 -38.9583 2.2953 DRIBBLE
-43.9721 -7.9471 -43.7317 -7.5771 -45.5474 -3.4324 -45.5474 -3.4324 -41.2905 -9.5586 -41.2905 -9.5586 -41.2905 -9.5586 -39.0798 1.7605 DRIBBLE
-43.5415 -7.9099 -43.7648 -7.5962 -45.6195 -3.5674 -45.6195 -3.5674 -41.5184 -10.1168 -41.5184 -10.1168 -41.5184 -10.1168 -39.2071 1.099 DRIBBLE
-43.2759 -6.9112 -43.764 -7.5947 -45.6494 -3.6317 -45.6494 -3.6317 -41.7622 -10.712 -41.7622 -10.712 -41.7622 -10.712 -39.3888 0.3557 DRIBBLE
-36.3774 -1.2081 -36.1443 -0.5737 -44.2173 0.5301 -44.2173 0.5301 -39.787 -1.0878 -39.787 -1.0878 -39.787 -1.0878 -42.4256 -12.5625 PASS
-36.3567 -0.0917 -35.931 -0.5616 -43.8184 0.8099 -43.8184 0.8099 -39.4351 -0.9146 -39.4351 -0.9146 -39.4351 -0.9146 -42.3799 10.4959 DRIBBLE
-35.3163 -0.4534 -35.8402 -0.5546 -43.2878 1.1744 -43.2878 1.1744 -39.2554 -0.8419 -39.2554 -0.8419 -39.2554 -0.8419 -41.9068 10.8613 DRIBBLE
-30.8568 -7.8132 -30.8943 -8.5796 -35.4577 -1.0079 -35.4577 -1.0079 -31.9088 -4.021 -31.9088 -4.021 -31.9088 -4.021 -38.704 -0.23 PASS
-19.3696 -20.5367 -18.9526 -20.2756 -29.736 -8.7441 -29.736 -8.7441 -3.4547 -20.7579 -3.4547 -20.7579 -29.7974 -6.1879 -36.0458 -18.6678 PASS
-18.5125 -20.615 -18.9583 -20.2692 -29.3611 -8.9598 -29.3611 -8.9598 -3.16 -21.1197 -3.16 -21.1197 -3.16 -21.1197 -16.568 -3.8985 DRIBBLE
-17.6932 -20.7217 -18.9604 -20.2665 -28.8235 -9.2211 -28.8235 -9.2211 -35.059 -19.7664 -2.7879 -21.4961 -2.7879 -21.4961 -16.053 -4.3235 DRIBBLE
-16.9351 -20.7888 -18.4327 -20.4128 -28.2471 -9.5456 -28.2471 -9.5456 -15.4925 -4.7157 -2.3486 -21.9372 -2.3486 -21.9372 -15.4925 -4.7157 DRIBBLE
-16.2229 -20.8532 -17.6097 -20.6003 -27.6356 -9.846 -27.6356 -9.846 -14.9329 -5.1055 -1.9137 -22.3992 -1.9137 -22.3992 -14.9329 -5.1055 DRIBBLE
-15.5405 -20.8949 -16.691 -20.7818 -27.0402 -10.1306 -27.0402 -10.1306 -1.4607 -22.827 -1.4607 -22.827 -1.4607 -22.827 -14.3438 -5.4452 DRIBBLE
-14.9228 -20.9185 -15.7676 -20.9997 -26.4334 -10.3996 -26.4334 -10.3996 -1.0156 -23.2736 -1.0156 -23.2736 -1.0156 -23.2736 -13.7946 -5.7963 DRIBBLE
-14.12 -21.1422 -15.408 -21.1033 -25.8315 -10.7127 -25.8315 -10.7127 -13.2645 -6.1769 -0.501 -23.7281 -0.501 -23.7281 -13.2645 -6.1769 DRIBBLE
-13.3379 -21.3737 -14.7096 -21.2954 -25.2407 -11.0388 -25.2407 -11.0388 -12.7832 -6.528 -0.0253 -24.1896 -0.0253 -24.1896 -12.7832 -6.528 DRIBBLE
-12.624 -21.5599 -13.8538 -21.5228 -24.6004 -11.3882 -24.6004 -11.3882 0.1673 -24.3644 0.1673 -24.3644 0.1673 -24.3644 -12.2492 -6.9053 DRIBBLE
-11.929 -21.7276 -13.0295 -21.8098 -23.9744 -11.7389 -23.9744 -11.7389 0.6836 -24.5004 0.6836 -24.5004 0.6836 -24.5004 -12.0373 -7.0689 DRIBBLE
-11.2751 -21.8823 -12.1693 -22.0745 -23.3808 -12.046 -23.3808 -12.046 1.2303 -24.5764 1.2303 -24.5764 1.2303 -24.5764 -11.8799 -7.1781 DRIBBLE
-10.8622 -21.9104 -11.8136 -22.158 -22.8838 -12.3196 -22.8838 -12.3196 1.846 -24.6643 1.846 -24.6643 1.846 -24.6643 -11.73 -7.251 DRIBBLE
-10.48 -21.9407 -11.6697 -22.1941 -22.4698 -12.601 -22.4698 -12.601 2.4733 -24.7573 2.4733 -24.7573 2.4733 -24.7573 -11.5803 -7.2986 DRIBBLE
-10.119 -21.9704 -11.0621 -22.2132 -22.079 -12.8163 -22.079 -12.8163 3.0976 -24.8111 3.0976 -24.8111 3.0976 -24.8111 -11.4456 -7.3534 DRIBBLE
-10.754 -22.746 -10.807 -22.2191 -21.5725 -13.0969 -21.5725 -13.0969 -11.3063 -7.407 3.7797 -24.8754 3.7797 -24.8754 -11.3063 -7.407 DRIBBLE
-10.0404 -21.7108 -10.6984 -22.228 -21.3457 -13.2325 -21.3457 -13.2325 -11.1621 -7.4623 -11.1621 -7.4623 -11.1621 -7.4623 -20.7428 -11.1064 DRIBBLE
-2.7467 -11.7929 -2.4846 -9.8637 -8.4506 -23.2319 -8.4506 -23.2319 -10.4272 -7.5129 -10.4272 -7.5129 -10.4272 -7.5129 -17.1816 -12.9604 PASS
-1.649 -10.4691 -1.8843 -9.8822 -7.7946 -23.5172 -7.7946 -23.5172 -10.2764 -7.5026 -10.2764 -7.5026 -10.2764 -7.5026 6.3072 -23.3132 DRIBBLE
-0.7294 -10.3591 -1.5846 -9.8851 -7.2432 -23.7215 -7.2432 -23.7215 -10.1309 -7.4802 -10.1309 -7.4802 -10.1309 -7.4802 6.7194 -22.8585 DRIBBLE
-0.0075 -10.2916 -1.4347 -9.8986 -6.7619 -23.9105 -6.7619 -23.9105 -9.9828 -7.4632 -9.9828 -7.4632 -9.9828 -7.4632 7.1973 -22.3709 DRIBBLE
0.6745 -10.226 -0.8495 -9.8347 -6.1169 -24.1779 -6.1169 -24.1779 -9.8309 -7.4567 -9.8309 -7.4567 -9.8309 -7.4567 7.391 -22.1849 DRIBBLE
1.3136 -10.1715 -0.0224 -9.8275 -5.4551 -24.3859 -5.4551 -24.3859 -9.6754 -7.4434 11.4122 -12.3814 11.4122 -12.3814 -9.6754 -7.4434 DRIBBLE
1.9107 -10.1398 0.9683 -9.7327 -4.7656 -24.6527 -4.7656 -24.6527 -9.5133 -7.431 11.413 -12.3805 11.413 -12.3805 -9.5133 -7.431 DRIBBLE
2.7602 -9.9952 1.4514 -9.6954 -4.1082 -24.8735 -4.1082 -24.8735 11.7431 -12.1355 11.7431 -12.1355 11.7431 -12.1355 -9.3468 -7.4154 DRIBBLE
3.5585 -9.8296 2.231 -9.6905 -3.4765 -25.1292 -3.4765 -25.1292 11.8772 -12.041 11.8772 -12.041 11.8772 -12.041 12.4542 -0.9413 DRIBBLE
4.3085 -9.6737 3.1121 -9.6167 -2.955 -25.3345 -2.955 -25.3345 11.9377 -12.0023 11.9377 -12.0023 11.9377 -12.0023 13.0456 -1.3232 DRIBBLE
5.013 -9.5252 4.0233 -9.5567 -12.0763 -15.3743 -2.5056 -25.4962 11.9621 -11.9849 11.9621 -11.9849 11.9621 -11.9849 13.463 -1.5684 DRIBBLE
5.8248 -9.4515 4.4531 -9.4895 -11.3671 -15.4718 -1.9312 -25.7529 11.9718 -11.9774 11.9718 -11.9774 11.9718 -11.9774 13.8414 -1.8259 DRIBBLE
6.5815 -9.3789 5.1698 -9.4452 -10.7123 -15.5482 -10.7123 -15.5482 12.4267 -11.9154 12.4267 -11.9154 12.4267 -11.9154 14.0062 -1.9497 DRIBBLE
7.3005 -9.3235 6.0646 -9.4322 -10.054 -15.6579 -10.054 -15.6579 12.6138 -11.8993 12.6138 -11.8993 12.6138 -11.8993 14.4268 -1.7437 DRIBBLE
7.9661 -9.2818 7.0088 -9.3438 -9.4293 -15.7616 -9.4293 -15.7616 12.693 -11.8981 12.693 -11.8981 12.693 -11.8981 14.9763 -1.3666 DRIBBLE
8.5699 -9.2476 8.0024 -9.1884 -8.8595 -15.8474 -8.8595 -15.8474 13.1633 -11.769 13.1633 -11.769 13.1633 -11.769 15.6199 -0.9612 DRIBBLE
9.1417 -9.225 8.4957 -9.1534 -8.3812 -15.9404 -8.3812 -15.9404 13.8091 -11.5857 13.8091 -11.5857 13.8091 -11.5857 15.9518 -0.725 DRIBBLE
9.0354 -8.9848 8.696 -9.1665 -7.9466 -16.0465 -7.9466 -16.0465 14.4933 -11.3628 14.4933 -11.3628 14.4933 -11.3628 16.4226 -0.399 DRIBBLE
9.5226 -8.5772 8.6844 -9.167 -7.4742 -16.1473 -7.4742 -16.1473 15.2047 -11.1212 15.2047 -11.1212 15.2047 -11.1212 16.8202 -0.1534 DRIBBLE
9.9541 -8.1828 8.6786 -9.1674 -6.9955 -16.2263 -1.7394 5.868 15.4911 -11.0123 15.4911 -11.0123 15.4911 -11.0123 16.9979 -0.0368 DRIBBLE
10.3526 -7.831 9.0615 -8.8472 -6.5389 -16.3083 -1.1357 5.8792 15.6017 -10.9636 15.6017 -10.9636 15.6017 -10.9636 17.0812 0.0249 DRIBBLE
10.7188 -7.4843 9.7015 -8.3865 -0.5077 5.873 -0.5077 5.873 16.0288 -10.7144 16.0288 -10.7144 16.0288 -10.7144 17.1237 0.0506 DRIBBLE
11.0577 -7.1713 10.4864 -7.8504 0.1348 5.9245 0.1348 5.9245 16.5834 -10.4009 16.5834 -10.4009 16.5834 -10.4009 17.5588 0.1027 DRIBBLE
11.7476 -6.7309 10.875 -7.5802 0.6515 5.9726 0.6515 5.9726 17.2086 -9.9936 17.2086 -9.9936 17.2086 -9.9936 18.129 0.1769 DRIBBLE
12.3921 -6.3203 11.4351 -7.1066 0.8876 5.9871 0.8876 5.9871 17.7916 -9.6213 17.7916 -9.6213 17.7916 -9.6213 18.7506 0.2683 DRIBBLE
13.0096 -5.9085 12.1185 -6.5518 1.3679 6.08 1.3679 6.08 18.4365 -9.1793 18.4365 -9.1793 18.4365 -9.1793 19.4363 0.3592 DRIBBLE
13.6016 -5.5242 12.8762 -5.9005 1.9697 6.2685 1.9697 6.2685 19.1333 -8.7859 19.1333 -8.7859 19.1333 -8.7859 20.1824 0.4249 DRIBBLE
14.203 -5.515 13.2446 -5.5941 2.324 6.3999 2.324 6.3999 19.8216 -8.3376 19.8216 -8.3376 19.8216 -8.3376 20.9717 0.5374 DRIBBLE
14.7621 -5.5075 13.4332 -5.4346 2.5649 6.477 2.5649 6.477 20.5159 -7.9419 20.5159 -7.9419 20.5159 -7.9419 21.3494 0.5769 DRIBBLE
15.2683 -5.5146 13.9926 -5.4284 2.7606 6.5513 2.7606 6.5513 20.8191 -7.7761 20.8191 -7.7761 20.8191 -7.7761 21.8268 0.5936 DRIBBLE
15.74 -5.527 14.8367 -5.469 2.9395 6.5994 2.9395 6.5994 21.1206 -7.6999 21.1206 -7.6999 21.1206 -7.6999 22.3409 0.643 DRIBBLE
16.3269 -5.5824 15.2521 -5.4832 3.1134 6.6638 3.1134 6.6638 21.4283 -7.67 21.4283 -7.67 21.4283 -7.67 22.6776 0.7984 DRIBBLE
16.8712 -5.661 15.947 -5.525 3.2877 6.7356 3.2877 6.7356 21.5527 -7.6583 21.5527 -7.6583 21.5527 -7.6583 23.0944 0.8772 DRIBBLE
17.6149 -5.7431 16.2714 -5.5574 3.4592 6.7978 3.4592 6.7978 22.0306 -7.7034 22.0306 -7.7034 22.0306 -7.7034 23.5513 0.6543 DRIBBLE
18.2917 -5.8387 16.9756 -5.6343 1.8438 -15.3882 1.8438 -15.3882 22.6871 -7.7334 22.6871 -7.7334 22.6871 -7.7334 23.8636 0.6973 DRIBBLE
18.952 -5.939 17.8362 -5.7519 2.4757 -15.3178 2.4757 -15.3178 23.3864 -7.8022 23.3864 -7.8022 23.3864 -7.8022 24.2873 0.7422 DRIBBLE
19.5729 -6.0334 18.8095 -5.8528 2.9745 -15.268 2.9745 -15.268 24.1071 -7.8112 24.1071 -7.8112 24.1071 -7.8112 24.4882 0.7463 DRIBBLE
20.0534 -5.8587 19.2807 -5.9187 3.4453 -15.2121 3.4453 -15.2121 24.8941 -7.8452 24.8941 -7.8452 24.8941 -7.8452 24.9739 0.787 DRIBBLE
20.5001 -5.7016 19.5301 -5.9498 3.8918 -15.1443 3.8918 -15.1443 25.22 -7.8562 25.22 -7.8562 25.22 -7.8562 25.6013 0.8979 DRIBBLE
20.8693 -5.6274 19.6544 -5.9663 4.3687 -15.0801 4.3687 -15.0801 25.3508 -7.8607 25.3508 -7.8607 25.3508 -7.8607 26.2333 1.0225 DRIBBLE
21.214 -5.5712 20.1988 -5.8399 4.7845 -15.0228 4.7845 -15.0228 25.7874 -7.7066 25.7874 -7.7066 25.7874 -7.7066 26.8077 1.1276 DRIBBLE
21.6624 -5.4805 20.463 -5.7772 5.1294 -14.918 5.1294 -14.918 26.3862 -7.4969 26.3862 -7.4969 26.3862 -7.4969 27.3268 1.2521 DRIBBLE
22.0856 -5.3941 21.0524 -5.637 5.3129 -14.8587 5.3129 -14.8587 27.0358 -7.2751 27.0358 -7.2751 27.0358 -7.2751 27.556 1.2967 DRIBBLE
22.4881 -5.3158 21.7992 -5.4179 5.6631 -14.7196 5.6631 -14.7196 27.7512 -7.0979 27.7512 -7.0979 27.7512 -7.0979 27.9588 1.2394 DRIBBLE
23.2439 -5.1042 22.1965 -5.3052 6.0022 -14.6466 6.0022 -14.6466 28.0404 -7.0293 28.0404 -7.0293 28.0404 -7.0293 28.1501 1.22 DRIBBLE
23.959 -4.9075 22.8837 -5.0478 6.3866 -14.5943 6.3866 -14.5943 28.1532 -7.0036 28.1532 -7.0036 28.1532 -7.0036 28.6471 1.2102 DRIBBLE
24.3974 -4.7155 23.2308 -4.9012 6.9902 -14.5081 6.9902 -14.5081 28.634 -6.8964 28.634 -6.8964 28.634 -6.8964 29.2788 1.2014 DRIBBLE
24.8139 -4.5323 23.9059 -4.6695 7.6655 -14.3753 7.6655 -14.3753 29.2922 -6.7684 29.2922 -6.7684 29.2922 -6.7684 30.0105 1.2034 DRIBBLE
25.5046 -4.2832 24.2421 -4.5726 8.3341 -14.2777 8.3341 -14.2777 29.9005 -6.6523 29.9005 -6.6523 29.9005 -6.6523 30.7396 1.173 DRIBBLE
26.1583 -4.0527 24.9 -4.453 9.0264 -14.128 9.0264 -14.128 30.5969 -6.5263 30.5969 -6.5263 30.5969 -6.5263 31.4828 1.1736 DRIBBLE
26.771 -3.835 25.7987 -4.2712 9.7259 -13.9936 9.7259 -13.9936 31.2846 -6.4405 31.2846 -6.4405 31.2846 -6.4405 32.0084 1.1654 DRIBBLE
27.3374 -3.6202 26.744 -4.0566 10.415 -13.8771 10.415 -13.8771 31.555 -6.4248 31.555 -6.4248 31.555 -6.4248 32.7066 1.1918 DRIBBLE
28.2463 -3.4523 27.1718 -3.9625 11.137 -13.8097 11.137 -13.8097 31.6719 -6.4218 31.6719 -6.4218 31.6719 -6.4218 33.4822 1.2493 DRIBBLE
29.1102 -3.2716 27.8322 -3.7952 11.8777 -13.7086 11.8777 -13.7086 31.7215 -6.4195 31.7215 -6.4195 31.7215 -6.4195 34.1324 1.2555 DRIBBLE
29.9477 -3.1112 28.6559 -3.5807 12.3079 -13.6357 12.3079 -13.6357 32.1784 -6.2762 32.1784 -6.2762 32.1784 -6.2762 34.8376 1.2536 DRIBBLE
30.7426 -2.9332 29.5029 -3.3141 12.6134 -13.594 12.6134 -13.594 32.7874 -6.0823 32.7874 -6.0823 32.7874 -6.0823 35.5307 1.2519 DRIBBLE
31.4895 -2.7566 30.3791 -3.0408 12.8415 -13.5479 29.4079 18.212 33.0473 -6.0173 33.0473 -6.0173 33.0473 -6.0173 35.8672 1.2814 DRIBBLE
32.0006 -2.7967 30.8467 -2.8912 13.0349 -13.5245 30.1586 18.1514 33.295 -5.4174 33.295 -5.4174 33.295 -5.4174 36.022 1.2934 DRIBBLE
32.4742 -2.8223 31.0666 -2.8114 13.2328 -13.5019 30.9024 18.0633 33.3949 -5.1759 33.3949 -5.1759 33.3949 -5.1759 36.4991 1.2316 DRIBBLE
32.9384 -2.8373 31.666 -2.7872 31.6474 17.967 31.6474 17.967 33.8363 -4.9188 33.8363 -4.9188 33.8363 -4.9188 37.11 1.1499 DRIBBLE
33.359 -2.853 32.545 -2.8545 29.1088 -22.8521 29.1088 -22.8521 33.9986 -4.8202 33.9986 -4.8202 33.9986 -4.8202 37.8291 1.0197 DRIBBLE
33.8798 -2.6882 32.9848 -2.8803 29.6805 -22.3977 29.6805 -22.3977 33.6729 -4.3349 33.6729 -4.3349 33.6729 -4.3349 38.539 0.9215 DRIBBLE
33.8817 -2.261 33.1883 -2.8907 30.2935 -21.9903 33.4537 17.7441 33.5481 -4.1251 33.5481 -4.1251 33.5481 -4.1251 39.281 0.84 DRIBBLE
33.8868 -1.8481 33.2939 -2.9039 30.9523 -21.5512 33.9807 17.4782 33.5048 -4.0374 33.5048 -4.0374 33.5048 -4.0374 39.8433 0.7816 DRIBBLE
33.9042 -1.455 33.5619 -2.4095 31.4352 -21.1987 34.5502 17.1094 33.487 -4.0055 33.487 -4.0055 33.487 -4.0055 40.1218 0.7754 DRIBBLE
33.9219 -1.0855 33.9208 -1.7537 35.1293 16.6888 35.1293 16.6888 33.9171 -3.9373 33.9171 -3.9373 33.9171 -3.9373 40.1594 1.0839 DRIBBLE
33.9335 -0.736 34.1146 -1.4527 35.5871 16.3771 35.5871 16.3771 34.4951 -3.8137 34.4951 -3.8137 34.4951 -3.8137 40.1798 1.2296 DRIBBLE
34.4848 -0.3602 34.2071 -1.3106 35.7959 16.2176 35.7959 16.2176 35.2116 -3.7097 35.2116 -3.7097 35.2116 -3.7097 40.5268 1.4436 DRIBBLE
34.9863 0.0083 34.2509 -1.2336 35.9018 16.1441 35.9018 16.1441 35.9451 -3.5357 35.9451 -3.5357 35.9451 -3.5357 40.699 1.5302 DRIBBLE
35.4314 0.3583 34.6558 -0.8876 35.9501 16.115 35.9501 16.115 36.6762 -3.3793 36.6762 -3.3793 36.6762 -3.3793 40.7839 1.5791 DRIBBLE
35.8469 0.6968 35.2443 -0.4212 36.2026 15.9489 36.2026 15.9489 37.4381 -3.2013 37.4381 -3.2013 37.4381 -3.2013 41.1832 1.6879 DRIBBLE
36.2398 1.0266 35.985 0.1161 36.642 15.6992 36.642 15.6992 38.1453 -3.0252 38.1453 -3.0252 38.1453 -3.0252 41.6802 1.8142 DRIBBLE
36.7714 0.6984 36.3607 0.3707 37.0747 15.4718 37.0747 15.4718 38.877 -2.8566 38.877 -2.8566 38.877 -2.8566 41.9209 1.8905 DRIBBLE
37.2894 0.3952 36.5453 0.4884 37.5263 15.2414 37.5263 15.2414 39.613 -2.7171 39.613 -2.7171 39.613 -2.7171 42.0378 1.9229 DRIBBLE
37.7081 0.1403 36.6368 0.5511 37.9584 14.9932 37.9584 14.9932 40.3326 -2.5174 40.3326 -2.5174 40.3326 -2.5174 42.0956 1.938 DRIBBLE
36.4849 -0.0263 36.6818 0.5857 38.362 14.7478 38.362 14.7478 41.0521 -2.4226 41.0521 -2.4226 41.0521 -2.4226 42.5317 2.0673 DRIBBLE
37.1119 -0.142 36.703 0.6047 38.5618 14.6515 38.5618 14.6515 41.8429 -2.3199 41.8429 -2.3199 41.8429 -2.3199 42.7446 2.1347 DRIBBLE
37.7177 -0.2635 37.1811 0.3966 38.6631 14.6078 38.6631 14.6078 42.1717 -2.2868 42.1717 -2.2868 42.1717 -2.2868 42.846 2.1678 DRIBBLE
38.2907 -0.3472 37.4248 0.2706 38.711 14.5874 38.711 14.5874 42.3127 -2.2758 42.3127 -2.2758 42.3127 -2.2758 42.8913 2.1856 DRIBBLE
38.5169 0.3336 37.5411 0.2098 38.92 14.4026 38.92 14.4026 42.9136 2.1954 42.9136 2.1954 42.8153 -2.414 42.9136 2.1954 DRIBBLE
38.7407 0.9573 37.5989 0.1808 39.2663 13.9976 39.2663 13.9976 42.9244 2.1996 42.9244 2.1996 43.0865 -2.3129 42.9244 2.1996 DRIBBLE
38.9394 1.5605 38.0673 0.5141 39.6898 13.5571 39.6898 13.5571 42.9296 2.2013 42.9296 2.2013 43.1988 -2.2714 42.9296 2.2013 DRIBBLE
39.1298 2.123 38.7529 1.0322 39.9938 13.4682 39.9938 13.4682 42.9322 2.2021 42.9322 2.2021 43.3551 -2.1095 42.9322 2.2021 DRIBBLE
40.4803 7.8138 42.6831 7.3329 43.584 2.1097 43.584 2.1097 41.1228 12.8113 41.1228 12.8113 39.4502 1.9047 0.673 -6.8233 UNSUCCESSFUL DRIBBLE
41.6022 12.7567 41.2326 12.6491 39.8158 3.773 39.8158 3.773 43.3495 8.7486 43.3495 8.7486 43.3495 8.7486 43.9486 3.0387 UNSUCCESSFUL DRIBBLE
40.6451 7.1965 40.0756 5.4339 41.3317 13.0459 41.3317 13.0459 44.515 3.8873 43.8156 9.6117 43.8156 9.6117 44.515 3.8873 PASS
40.3782 5.5151 40.0853 5.765 41.5115 13.6148 41.5115 13.6148 44.6443 3.8204 44.6443 3.8204 43.8612 9.2668 44.6443 3.8204 DRIBBLE
39.718 6.2706 40.0828 5.7504 41.6878 14.1478 41.6878 14.1478 44.7115 3.7872 43.8769 9.1396 43.8769 9.1396 44.7115 3.7872 DRIBBLE
40.3877 6.4425 40.0809 5.743 41.769 14.3953 41.769 14.3953 44.7431 3.7703 43.8829 9.088 43.8829 9.088 44.7431 3.7703 DRIBBLE
40.8501 6.3819 40.0799 5.7395 41.9129 14.6565 41.9129 14.6565 43.8854 9.0677 43.8854 9.0677 43.8854 9.0677 44.7574 3.7609 DRIBBLE
41.2829 6.3237 40.0794 5.7377 42.0792 14.9209 42.0792 14.9209 43.8864 9.0595 43.8864 9.0595 43.8864 9.0595 44.7646 3.7557 DRIBBLE
41.6897 6.2656 40.6093 5.7706 42.155 15.0416 42.155 15.0416 44.7684 3.7532 44.0078 8.9389 44.0078 8.9389 44.7684 3.7532 DRIBBLE
42.0728 6.2055 41.4195 5.8437 42.1885 15.094 42.1885 15.094 44.7701 3.752 44.1656 8.7796 44.1656 8.7796 44.7701 3.752 DRIBBLE
42.102 5.183 41.8225 5.8425 42.2043 15.118 42.2043 15.118 44.771 3.7515 44.771 3.7515 44.2281 8.7174 44.771 3.7515 DRIBBLE
43.0325 -12.9045 41.4386 -13.1033 42.1947 4.7757 42.1947 4.7757 44.4269 -7.425 44.4269 -7.425 44.4269 -7.425 45.4022 -0.1897 PASS
43.7473 -33.4544 43.8654 -32.1753 24.828 -22.1374 24.828 -22.1374 43.6702 -21.6423 43.6702 -21.6423 43.6702 -21.6423 34.3648 -19.5158 DRIBBLE
43.7502 -33.8359 43.7731 -33.1493 25.0107 -22.8061 25.0107 -22.8061 43.5294 -22.3035 43.5294 -22.3035 43.5294 -22.3035 34.9982 -19.8366 DRIBBLE
40.3774 -17.8313 41.0495 -17.4932 35.1747 -10.2791 35.1747 -10.2791 33.8556 -21.875 33.8556 -21.875 33.8556 -21.875 31.9793 -7.7848 PASS
34.1433 -13.2877 33.9243 -12.8145 32.0854 -18.3806 32.0854 -18.3806 34.2246 -20.8495 34.2246 -20.8495 34.2246 -20.8495 31.7723 -4.3417 PASS
31.2325 -15.8803 31.3492 -16.5651 33.5079 -12.9474 33.5079 -12.9474 34.4177 -20.222 34.4177 -20.222 34.4177 -20.222 31.1795 -2.3611 PASS
16.5402 -26.9047 16.4403 -27.4207 27.902 -17.0557 27.902 -17.0557 21.1848 -18.2262 21.1848 -18.2262 21.1848 -18.2262 33.5442 -18.8125 PASS
6.2283 -29.9404 6.78 -29.9993 16.818 -20.6108 16.818 -20.6108 8.27 -21.9766 8.27 -21.9766 8.27 -21.9766 20.865 -17.9679 DRIBBLE
-1.2485 -29.9347 -0.8093 -29.8601 10.7236 -22.585 10.7236 -22.585 2.2795 -22.9175 2.2795 -22.9175 2.2795 -22.9175 -1.9022 -14.2908 DRIBBLE
-15.1373 -32.9981 -14.6871 -32.614 -15.897 -18.4994 -15.897 -18.4994 -19.5921 -27.9341 -19.5921 -27.9341 -11.7339 -23.6762 4.0494 -30.8362 DRIBBLE
-50.7554 -26.6081 -50.4138 -26.1801 -44.1292 -12.2777 -44.1292 -12.2777 -45.8886 -19.0297 -45.8886 -19.0297 -40.276 -18.677 -19.9656 -28.1781 DRIBBLE
-50.6011 -25.5693 -50.5425 -26.0633 -44.2922 -11.9812 -44.2922 -11.9812 -46.4223 -18.5491 -46.4223 -18.5491 -46.4223 -18.5491 -40.3532 -18.5918 DRIBBLE
-50.7245 -17.9377 -50.9802 -18.4704 -44.643 -10.2698 -44.643 -10.2698 -49.2093 -16.4615 -49.2093 -16.4615 -49.2093 -16.4615 -41.0871 -15.6903 DRIBBLE
-50.9768 -17.6269 -50.9531 -18.0227 -44.5581 -10.0796 -44.5581 -10.0796 -49.3225 -16.4829 -49.3225 -16.4829 -49.3225 -16.4829 -41.0791 -15.6376 DRIBBLE
-47.8623 -31.4352 -47.5893 -30.9934 -44.6481 -13.7812 -44.6481 -13.7812 -46.3086 -20.3532 -46.3086 -20.3532 -46.3086 -20.3532 -40.0668 -19.4452 DRIBBLE
-50.5827 -22.4492 -50.4914 -22.9812 -45.1711 -11.3906 -45.1711 -11.3906 -49.0608 -20.0206 -49.0608 -20.0206 -49.0608 -20.0206 -40.9359 -17.5004 DRIBBLE
-44.8759 -12.3729 -45.6809 -12.283 -49.9869 -22.2059 -49.9869 -22.2059 -46.6976 -8.5399 -46.6976 -8.5399 -49.7504 -20.9122 -40.6013 -16.7851 PASS
-44.9146 -11.566 -45.6964 -12.293 -49.5753 -22.0282 -49.5753 -22.0282 -46.5826 -8.0572 -46.5826 -8.0572 -42.0737 -8.0841 -46.5826 -8.0572 DRIBBLE
-45.9644 -11.6982 -45.7046 -12.2975 -49.1539 -21.8432 -49.1539 -21.8432 -46.3866 -7.4634 -46.3866 -7.4634 -42.1207 -8.164 -46.3866 -7.4634 DRIBBLE
-46.9337 -11.8174 -45.7086 -12.2997 -48.5854 -21.5993 -48.5854 -21.5993 -42.1423 -8.195 -46.1974 -6.8606 -42.1423 -8.195 -46.1974 -6.8606 DRIBBLE
-47.8344 -11.9357 -46.2499 -12.3231 -48.3178 -21.4832 -48.3178 -21.4832 -46.1042 -6.5756 -46.1042 -6.5756 -50.0368 -6.6799 -46.1042 -6.5756 DRIBBLE
-48.6811 -12.0469 -47.0329 -12.3811 -48.204 -21.4209 -48.204 -21.4209 -48.767 -17.796 -50.2558 -7.2763 -50.2558 -7.2763 -48.767 -17.796 DRIBBLE
-49.4591 -12.1614 -47.9948 -12.3968 -48.1514 -21.3925 -48.1514 -21.3925 -48.5469 -17.1093 -50.5916 -8.0656 -50.5916 -8.0656 -48.5469 -17.1093 DRIBBLE
-50.1968 -12.2726 -49.059 -12.3976 -48.1281 -21.3799 -48.1281 -21.3799 -50.9996 -8.9206 -50.9996 -8.9206 -50.9996 -8.9206 -48.4347 -16.8371 DRIBBLE
-50.1207 -12.4133 -49.5489 -12.4223 -47.7926 -21.1271 -47.7926 -21.1271 -51.1751 -9.2867 -51.1751 -9.2867 -51.1751 -9.2867 -48.4088 -16.3077 DRIBBLE
-50.098 -12.5606 -49.7388 -12.4219 -47.3889 -20.841 -47.3889 -20.841 -51.2505 -9.4301 -51.2505 -9.4301 -51.2505 -9.4301 -48.4105 -15.7043 DRIBBLE
-49.4346 -11.5825 -49.7277 -12.4213 -47.1995 -20.7059 -47.1995 -20.7059 -48.3987 -15.0661 -51.2952 -8.8632 -51.2952 -8.8632 -48.3987 -15.0661 DRIBBLE
-48.9925 -11.3206 -49.7217 -12.4209 -47.0424 -20.4526 -47.0424 -20.4526 -48.3815 -14.3987 -48.3815 -14.3987 -48.3815 -14.3987 -46.1841 -6.2356 DRIBBLE
-48.5713 -11.0807 -49.7187 -12.4209 -46.9744 -20.3429 -46.9744 -20.3429 -48.4571 -13.5695 -48.4571 -13.5695 -48.4571 -13.5695 -46.2469 -6.1935 DRIBBLE
