8.01956,1.56072,74.40848274541581,40.68651561644879,31.842579658060128,43.661132421088226,18.31339780322459,17.559601801876205,17.539954440978047,5.504311689681937,17.209637313411026,3.91850935738775,0.2503530384607817,4.280607696944487,6.315733295375481,2.278855161386486,12.47377208346819,3.769522282563127,11.557638195995375,2.3614767709630087,13.409999935488239,9.444585784564726,37.91051740721322,25.55556444910539,1
7.270440000000001,1.40386,12.719486776387559,14.401944946831353,2.1467611687916874,26.984785735101667,11.142083811287746,3.938732385313428,12.49727574249589,0.4519325702330143,20.256091984892205,11.659471687667605,1.2715960722908135,3.717413644484667,8.733898122164108,2.3051986223106495,20.585251102793265,7.755580160045296,4.7906515012645405,3.2727021519136756,15.918503005145615,13.585844229521431,28.00609790216897,8.731605790368866,-1
9.16742,1.81144,83.59284809730588,41.542319603364874,35.612300935623296,39.44540599636856,26.20610304307737,17.007529247507744,10.585203622963693,17.83916469187933,7.370904646049444,6.917436639689535,0.10878612861298984,2.3665494037988393,5.642597476171093,0.07266731378126738,6.8129438837890826,3.854706546848398,8.364486380342264,5.44834554993927,15.59998772400105,17.722999191365094,40.34289158767678,32.65273581432423,1
9.7271,-1.1859600000000001,0.4084131248843155,4.54562713476601,6.431333220352018,16.354438678342678,19.71625488326737,0.9208979826860552,7.287762249119469,9.430225798037496,16.89452743406177,12.2523151712565,0.5588605311627873,2.0687455891769324,1.947341394826955,2.729497149287437,4.289477003969492,13.814275147461329,2.7879425855457414,10.78654924045098,6.92159858840902,24.154887808640073,16.426622022969763,4.675631950797301,1
7.471639999999999,-1.2418799999999999,57.80756463012193,20.09193596653117,29.78296259092705,6.8270176020852995,36.45990687502625,11.957744733344105,2.515801325059279,13.629809289682031,9.13397064387374,16.788877967481238,0.14300732947937173,5.8255600752705075,1.3458664888024197,4.827918330154688,2.089210074871105,15.124692531882665,4.156994562972349,14.694956730850398,0.43517825319660824,34.975917423977265,1.53164980814804,20.554605604400958,-1
10.255880000000001,1.0001200000000001,0.1839718905758607,1.7027238358191146,3.7142297904157733,3.003605843960715,14.449604575406894,5.150868157344526,14.73582996142792,0.4919326099899778,37.428444655175745,5.147380277189561,21.76794883290229,60.87798978134959,23.355331688489123,33.347582276112995,9.244989309642635,41.55569983274711,14.365619254149543,3.050878504742628,13.357382626638499,8.191933694308185,14.906729625429131,1.1709642563479867,1
2.7351400000000003,5.79488,53.32351983476216,34.4403280346843,22.72221300834939,41.03301003734445,10.171400334614223,19.392184521514217,27.329925373725114,9.335379845403969,41.57720421064535,0.8908785286530589,9.892012165709913,4.42054019075648,16.179021153691806,7.195457521812538,25.29000178463598,1.8629801797219714,12.675248694336497,3.477634999743156,24.74771361736269,15.30880566867418,39.95856106322915,26.24502885296463,-1
8.58878,-1.9623000000000002,9.654899999999998,29.758399999999998,42.7443,24.0357,61.5588,55.2784,55.5631,75.9406,56.18129999999999,90.1574,73.86160000000001,88.50280000000001,77.7507,84.46170000000001,74.1122,91.98910000000001,50.0283,81.7853,34.7821,75.283,34.09,54.8832,-1
6.55188,0.42325999999999997,13.708733315299469,13.223588967853727,1.9405775389357838,23.294621373712634,12.852062963952836,3.40173418942979,11.631743552657383,6.981699715016728,18.990984186529317,18.05970388219828,0.5277642499843536,0.3878237438400378,0.625702090322532,3.2120456573489067,13.587488504585796,11.063967706517289,10.776925827624419,7.900472427242015,20.807854155770407,16.289172334395026,29.724030828813508,9.739327816922373,-1
10.29164,4.5311,88.62803872355315,41.14320442878078,49.48343253689624,27.893517650392678,48.675884573734606,20.823561525673057,6.830832452914202,15.53262925404167,2.809049386982051,0.16052851889887196,3.178428873404271,4.8852118812690435,2.411708958829751,1.3043121120526233,3.403339480354673,0.27098752621450606,3.263428968585027,12.11271637672687,6.674035933313885,36.62786221415065,23.488813987402803,29.4884047714665,-1
8.97176,-1.99044,82.05970397169695,34.70349654796292,39.483431788740084,23.95027502236464,39.12464085107989,18.075797308396293,3.073674926226107,13.639630362111738,2.755184849453209,12.737120066507535,0.596516847711887,3.5272466612795674,2.889788599693936,6.103590969418562,4.581523314836676,12.134920425127067,8.833250154748931,12.963008207875514,1.2203443183517726,40.25093710081969,17.068702453661388,32.69808019691271,1
8.94012,2.20704,89.9402134631731,46.17568247656247,43.03525950779208,44.260286254820045,30.48078514153498,27.65906976360626,25.881094746249733,17.822416704742732,20.54905830392518,0.18542725576755828,10.331745548173489,2.628504650074682,5.946146327391244,8.942935614075962,14.612721494339308,4.237975010658171,15.445115539227428,12.69593051638637,26.3221388055753,21.0603804415109,40.03774764516028,33.682553437131446,1
7.038320000000001,-1.54798,48.96898940446942,16.115027484943504,25.88189983576264,2.0347411637812747,34.77326287345899,0.31545746152091736,3.1227428437734557,9.248696624156038,14.242899873327264,15.67017394518113,0.2092912839215653,3.915718279122645,2.3215714956578357,6.657191441300537,12.793508056759507,15.09532871691808,5.353237644838547,8.986455359963244,7.5424507415356965,35.74747367536246,2.2390409609370683,14.175085058995961,-1
9.37134,1.98078,92.4127181657125,44.259338708289626,41.047125923572565,39.088744942304736,31.11891001902165,19.618726681591244,10.868789405513057,5.0475160029845085,4.726176610832138,6.456259537310814,0.5791581322560091,3.0842033304863605,1.3711165542503028,3.506766851147146,7.765887670807934,3.5589754776926417,11.789091025377727,3.152131349987984,10.471368892728295,26.781335343916403,41.36852728487339,35.27563128965185,-1
7.23334,-2.02348,13.07736765087107,0.4525338633334566,11.645353001469845,9.709367257267896,24.30722458715103,2.805184319261748,6.288576386606482,18.023494138857114,4.797885654070131,22.625084007176877,0.4399667437674633,4.931288200695153,0.904686113186422,9.472980253206035,2.1807481082399027,20.844749443755916,3.732379141323215,12.004209123031233,3.728714959061,25.881922772744282,10.822980961116636,11.59598561622457,-1
10.170300000000001,1.0059799999999999,3.5855999999999995,49.4319,61.4812,47.181,79.8356,87.16980000000001,83.9775,105.23230000000001,97.102,106.8709,102.6097,105.51679999999999,100.7457,104.80680000000001,94.6721,109.3241,92.733,90.46809999999999,97.7597,87.40639999999999,45.773900000000005,63.683800000000005,-1
10.170300000000001,1.0059799999999999,105.51679999999999,100.7457,104.80680000000001,94.6721,109.3241,92.733,90.46809999999999,97.7597,87.40639999999999,45.773900000000005,63.683800000000005,3.5855999999999995,49.4319,61.4812,47.181,79.8356,87.16980000000001,83.9775,105.23230000000001,97.102,106.8709,102.6097,1
6.611960000000001,1.3885,34.85765046919434,25.235037660420637,13.621637383678603,34.09138503421002,1.7650912672033965,5.026833700137122,16.186104669380587,0.3813634288747416,24.805722629099208,13.815596961618041,0.5032326263474225,0.8776780975587746,8.042297957706548,1.0303775347311153,15.580747630078932,7.841667718947423,4.598445420520907,0.7030617063814814,15.221482017436408,7.447299941659854,32.301158181787486,9.482986537805827,-1
7.9233400000000005,1.7210999999999999,67.84170344336337,35.44453364684028,28.109328593633574,39.84397743435642,23.71183373302447,15.997755260932065,34.35951441487477,10.498440597275305,19.908626276311335,1.0094799769132032,0.18611398034015605,4.905898995843711,5.954144290233465,1.567713511181756,12.802171191310316,1.5076075541038818,7.808244612293831,3.868442702629851,19.322683977328076,7.359849598125382,36.925495800010005,25.572551419080263,1
8.206999999999999,0.0721,29.762252724722053,17.037462024695653,5.408450599235414,24.95020619717027,6.315264301253192,0.529669214723146,0.5705771806387698,7.523590738018051,4.564001564749573,12.613299433718538,8.731007380495548,6.182512670245033,1.7523568149079158,9.463898906584001,2.025773676178581,12.024077960791983,1.3497639345179013,8.606476255656656,7.127459458650695,9.921704189215665,28.106318045657623,11.575917730926992,-1
10.51648,6.737820000000001,92.54655666411182,45.452382443161575,50.54600918134205,31.655212938549305,48.64631520840798,24.043825380831063,9.845144365188663,29.81854336646328,0.8349088720764828,0.6858838958823945,3.7485965032356425,4.761972804624443,1.5161035635544762,0.00282341248733812,0.4416302671993404,0.9495605301076362,3.1812447339312757,12.473936990731195,12.423560255580394,35.221274892147854,27.312309828118188,31.704163685950164,-1
7.7435599999999996,-1.47444,8.155640231474118,1.9065949471213637,11.760405863366943,14.312735913424449,25.27180216325161,1.7468777512342102,7.003481534578358,11.280929220322514,15.249597381298658,19.410206152180965,0.43390172212629935,2.862689009040157,1.6067291947589744,8.153061548209058,6.81544969440697,19.758583928105306,0.8128476395552898,10.692692090040266,8.819087367098794,27.80312842412345,13.680550991036656,8.290176045933306,-1
9.9338,1.23306,92.3779537275589,45.40302738841175,42.08804180119044,42.701227295798326,32.264829998878525,21.180708651472287,12.534745700652163,10.498698971075887,6.485370576285608,1.7295641566531916,0.28561075091627,0.06191709812027774,1.2948656525834419,0.05702615001983165,5.441876082780446,1.90701356457549,11.709030557331905,9.301621677472406,11.425327876154107,25.152942862667153,41.47479756893143,36.69666548785653,1
7.314100000000001,-2.12578,49.30147974418598,18.077484169776813,27.63250545117172,4.782517223308118,35.13799031241649,10.93869100280864,0.6503554291055357,15.391150184219969,7.440638944874345,23.602826534508363,0.5455958024685345,1.2880197160009896,0.4343155338150761,7.838312874324318,6.370137952162809,15.762212280271939,7.723783848545114,13.724606568534753,6.831743309990483,35.17435883463585,0.8622904111531422,21.454728092993246,-1
-2.76568,-3.76676,26.548666550730456,19.45563064699188,26.577924939659308,16.934600093789957,31.448961224424146,25.235258032311272,12.504227752160388,28.06718723030999,0.01584728684610968,38.86267780657985,16.557764372900195,3.874205987926946,2.6299520911569947,18.408675683635554,12.779743485470108,29.916987241358008,23.38168475124814,35.688697796331795,18.048589413561483,34.622684480250925,25.013601272193608,26.41542881542544,-1
10.17456,0.29644,0.3192607076099303,0.13645133618217445,5.941238282283403,1.4026050244731714,16.097905756530086,26.468584487686186,36.7744225784767,14.456735948091868,47.26808669971373,22.26601424385497,29.491182023208275,67.34992763735572,28.294725214463895,38.24603353969042,15.88968651740427,48.340236349051956,36.87565275787991,20.257359811523344,36.90853217214288,5.569752352161927,18.75306240302714,0.7369510588637657,1
9.1727,1.45798,2.6019000000000005,46.325500000000005,55.8822,44.693200000000004,75.3409,78.9521,86.2431,94.74900000000001,87.52520000000001,110.75800000000001,100.3604,103.4667,102.0707,106.5767,85.7681,108.5435,99.5017,103.3704,86.9589,83.5872,43.0501,59.231100000000005,-1
9.60962,-0.26922,51.542115686976054,26.89293103042375,16.40767179528721,32.841338484469674,2.6115525329248683,8.364257325893563,5.406838782510087,2.5504163554993107,0.09937450315971932,9.836746471009889,3.221182286242004,3.49685456287266,5.826646637648285,7.533041765219239,1.1203188118171044,10.767371140743524,4.2648491667391015,7.999323869414622,4.5220242225527905,0.6985036844366996,33.71744457777219,15.260143819304963,1
9.7431,0.05878,1.5946365084037886,8.795383757724098,4.109258367437732,22.600975848035894,15.428530465762485,4.379247718492933,18.02009952928912,3.0055285328996226,11.631578373870067,0.23612918781955441,12.004101084965226,2.2433179730171924,12.959183885002705,2.9942583779869,13.29098648062678,2.0828248985153333,0.6277853229289704,5.398034366629777,12.114305648908767,20.498721356334652,20.385613789713197,0.4864416775804915,-1
9.7431,0.05878,2.2433179730171924,12.959183885002705,2.9942583779869,13.29098648062678,2.0828248985153333,0.6277853229289704,5.398034366629777,12.114305648908767,20.498721356334652,20.385613789713197,0.4864416775804915,1.5946365084037886,8.795383757724098,4.109258367437732,22.600975848035894,15.428530465762485,4.379247718492933,18.02009952928912,3.0055285328996226,11.631578373870067,0.23612918781955441,12.004101084965226,1
10.39932,-3.52894,80.32518031161331,45.14936939415116,35.823593263686796,46.57144378183271,20.754117238296164,19.248483172718114,11.909772733734767,3.5890294643865137,0.9481611940856204,6.448738442742496,1.5162377601880839,4.632705393668405,1.23538431918261,1.8283366905684197,0.8974440563428558,7.927158336790676,11.431135504157739,3.0256942092088877,0.9181811405505859,15.404456329696437,36.0294694108042,25.390083188738142,-1
9.27834,5.8530999999999995,98.0161351806385,47.78203815443796,49.54746768013027,39.648988725772696,29.358472550493964,28.461967335635464,15.653409075790972,20.33519661731958,9.644856398600675,0.014324722986860463,6.023735258943141,2.9158115211020648,7.360787246809029,7.235219790621637,10.025306917685546,7.145869875598789,12.973185572159137,12.487706273954505,18.57172288518052,32.07587983495834,36.17253226697678,36.5825874907751,-1
8.88024,1.3686,78.66006050770827,39.41467221994405,33.48079347780804,38.28255618909532,23.206545964571507,17.137699788854704,11.626729362149543,5.305791554479687,7.4350901171892625,5.4633670863564925,0.557374755865879,4.018444042906987,4.826049522923156,6.074163150301476,7.952379393758197,2.1718022563962576,7.2937238315758925,4.324693919746018,10.890270670052525,15.533613247750502,39.32854732213514,28.859343741108525,1
8.13516,0.5674,50.472147859091706,29.314606740823443,19.43030164561314,37.30627586807915,7.010775898078692,13.023351204016585,15.07939615769651,6.5614437615458385,14.29216628507967,8.954395048016092,0.4502293226301197,4.7117489512516935,2.9942952325905248,1.407267472488392,15.470768708093685,8.641567725644068,7.714878763945482,0.7086603364183494,19.601536594562614,0.852871768456116,35.65767631896578,18.895877319317144,1
4.05006,-0.38422,0.2703129678582907,4.698175200504494,6.928974522288595,16.40892219950223,17.957170605018835,0.10818911694357354,9.529223162405271,13.636917416373036,22.901863383729125,26.3517594061177,0.3857200320101101,2.726167581140996,3.0414363502508195,6.90107278994461,13.088011454319568,16.904109165790686,2.5264545930028346,13.29881826677598,10.35001065763244,21.446917148906913,16.291878404700928,2.0119873219577693,-1
8.28276,0.61478,86.40938835085389,41.752116236569854,37.169703124406865,42.36556517609554,24.305363582765516,19.720175330215525,29.83360655137165,6.717417638828149,4.300401037383028,0.5356671926502597,3.035978162190548,5.635739206595471,4.860657781760354,0.973525852414315,7.7540388342955655,0.9487843047906084,7.514265750630238,7.2080122255205925,15.966542179800596,17.71713116206759,34.97495211759035,27.596306841832124,-1
9.34692,-1.2178200000000001,69.71389331115506,27.320394805564774,35.518284677952806,18.30454356998934,39.00573963829043,13.345734830526911,2.4904380028896362,10.553774709432469,8.018844660409872,8.207397485604208,0.2861802940808495,2.5343160406629717,1.7207845528440193,6.047491933346156,4.056397444112165,9.409243734408852,1.38237236770037,10.010570041011931,2.3198834640308434,39.82429764729821,11.426022184289222,28.35254278258114,1
9.54594,1.06104,85.33844671681338,42.05110665079665,36.143677703521774,40.656127847232085,27.875647100729044,17.769054939179608,10.514602551462126,6.318382700959597,6.122268704811657,5.924846030383078,0.34974203445148033,3.143858612285183,4.651948283016652,0.5510492801619685,4.682908996277621,5.190072461292501,3.6517626496655025,2.3611795995852143,9.073657620264662,19.341832670555615,40.4588690837051,32.4298272945469,1
7.70814,-0.2203,21.286228923533326,0.874257619247824,12.874179097722008,12.240505892908516,22.36310685847808,0.8263966161093756,11.861706343177588,0.3704266387789802,17.22733545347627,8.226539501636141,12.591509808477626,5.650203099709333,12.00212264863802,5.39687669461071,18.35610205208019,8.619326285189363,3.910294651709513,5.890745019576455,14.837491229831853,26.47462115508065,12.684666834309963,7.983903127139373,-1
10.48562,-5.2665999999999995,90.75398199910349,48.5256903822566,42.52852144907068,50.88728310929211,29.158048390904426,22.188442368939103,16.214595066340035,7.544582140569236,0.4918765272480641,1.9759715735415158,3.3146013412543365,4.922945604056751,0.8812525342592509,2.7381248462241525,0.47077761662791934,2.4636067368579746,3.6504320346061347,7.231784012795485,15.95010975186809,24.58592171347614,35.83468301351605,30.46953910416148,-1
8.222620000000001,-1.7175799999999999,76.35809938925314,31.342890299294417,38.96239749891147,19.409699578508015,39.69881970161837,18.287259358780965,6.80283518441445,9.979679903313349,3.4392008351274908,13.139980210988796,0.47924352148203747,4.862306998250623,1.6839806372186363,6.33904542110661,2.724987417494433,12.544374208267278,5.3418215328479395,13.678430685688387,0.16194940687373777,37.22026727007478,13.514888106353842,28.112679800837387,1
6.87838,3.4219,69.73936486356425,37.82369110329303,29.677590416995457,39.89787972042441,16.410851643182344,18.54222212284728,17.75626285608301,6.070091487956984,24.569798440892114,5.9986047570646255,0.05162173257360248,2.745455241796123,9.407491717427721,0.8999089134662814,20.9643990883502,2.653977919533015,8.681612928708827,1.1111410974021585,16.561813214882356,8.858710579204333,38.60739247207137,28.065418618521647,-1
1.95424,-0.038540000000000005,15.236406930189613,10.34791461102321,1.2424567260320383,20.60453084472693,11.030847341836035,2.6983161779556664,8.421803051574955,8.912150621854716,24.12961082867628,23.895084483004325,1.0192315220941404,13.823886931019308,4.06732300633065,10.754062179982313,15.11123606934201,21.08120182852872,0.016701736475757394,16.68760982904632,15.368649817124039,18.78996821083903,22.31862510811375,2.2469339245185656,-1
9.702160000000001,1.0939999999999999,2.2838701204431664,5.387172390723109,6.978744885782789,17.45073621052112,20.422187357201654,1.1419782936462177,6.413965621264707,8.263656566856186,8.090578555325466,5.610649619461521,0.12147383477225857,2.3084218299412127,8.801050357808762,2.90573465200935,11.154572515071283,1.5822676485462583,2.0497264634538683,10.553498749776987,6.234814184575104,19.38348579201233,21.00441730000733,3.777720919016886,-1
6.09796,-6.18236,82.40158258287914,39.480268935725725,46.05542018453637,27.38207725664364,42.97988531522027,28.76938929067003,19.475483121937863,22.380399350013622,0.029784195286937393,30.02910584577762,18.29318489597001,2.7578016106434746,6.083780317946036,10.79821877531616,1.3281637380595939,15.145841757574416,11.246549918397983,20.844764060813198,14.226646011431795,40.403789121333816,15.59119972716186,33.12680247858592,-1
8.00854,-0.15048,5.38973069086765,1.1761359519070929,1.4054135332762947,14.308385876894551,10.917933619240602,1.090180261841457,6.279224849830859,9.709806317026981,11.522095470189466,26.312411039661676,9.254194041643654,30.013668600548407,16.54334356118837,5.587495052217657,27.674801132712073,7.636077709238013,6.824287699666754,10.451370615847896,6.572698017845411,14.56142892637812,0.27295446446928706,3.007162883015689,1
8.64186,-1.84874,83.51796205089018,36.110173247351796,41.72072474461367,27.403203329193246,42.31720024633561,18.872658365136466,8.00864971438681,0.2053092742751017,3.302009025805044,12.312714852188329,4.847188919015384,3.9921745197424174,0.3315213165316296,5.9139994456254055,2.334518295515451,12.308364214705055,3.068378533365214,12.913319264267697,7.597510802967174,39.96486220902588,16.950757665473613,29.733157357494854,1
7.311400000000001,-0.64576,36.333046804504086,8.781012296743127,19.850301867685992,3.3883257496387755,30.22530157246659,6.234409902608568,2.4857429762012186,13.915145595280366,14.380403963929313,16.39471382034341,0.48605259130016965,4.936919223012806,0.6558422100975777,2.551110317166737,8.337063286640008,12.09856092974153,6.745893922411035,22.22192641420149,3.720727810294605,30.177499183169562,8.5407440941265,12.601876574544972,-1
7.039879999999999,-1.48244,15.409132242601437,0.023170352820640828,15.11749953104517,12.99896071164708,25.713551655490075,2.63487957975075,5.067746949725775,0.10875639690882397,15.013899190836254,21.69155589380581,0.06619446592318534,2.2897021660116232,0.4602375973952703,8.138804854290806,8.108158417260752,20.461814266345108,3.122797271373612,12.289423622219209,9.506576252440412,28.88921987316804,14.498780515245064,9.653189094088631,-1
6.71598,0.38195999999999997,23.515880134245748,5.029868657639995,13.37797061424608,8.363738502490124,25.044035747126255,3.2584687591894865,6.856983594578269,12.324371273708731,19.863466142514092,18.333140179638608,0.48972990072795775,5.501964813284912,5.997250328732627,1.3864204069644699,13.130073869204821,8.803722033429036,1.066911775655581,9.389225250373215,8.123081196050903,25.05999256223566,14.966377469596706,5.060147405890078,-1
7.40736,1.7743200000000001,60.43898444165768,30.98978562797751,27.01156362981181,37.895164894723834,12.561981751604696,14.726420234638985,19.885478429975027,3.991908663933131,18.337902416692497,2.782748546586295,0.11675190392359643,4.23235223625048,5.842158072634297,3.9555600763746908,18.143412826356528,2.0211600815310176,9.16084650019883,4.266557237555297,14.180146554887239,11.742436011293826,36.95006576373225,22.52570570462749,-1
10.00212,0.73308,43.069639836018666,30.78416266117715,20.038674497332146,42.01111700109093,4.572081262739708,18.445110820724768,23.691353808355384,5.692367630714369,20.06157940700959,0.180829390430209,15.229767309802007,3.9904688723954314,17.129745864957023,7.736414426616591,20.132135555075394,0.0753264418122832,25.076690024784153,9.785098829365408,28.684970257772598,2.211705125502128,37.2282321997319,17.66377469166954,1
9.373180000000001,0.37026,31.877634396373622,25.473530107088603,13.197025341396905,37.14913673071049,0.7410975681949973,15.08432488905438,15.752806199399028,3.265780995927176,11.8688960825694,0.29804725611699073,7.582224805610889,2.887508636042133,7.458069965933227,7.220345443066042,15.27985291131938,1.917745709159422,8.088803656042483,3.659948816863465,18.771709649456714,7.134795654742095,32.38625420699951,11.31233869123289,-1
2.63706,-2.6992599999999998,39.853584495593246,11.012499004666749,22.49971110932888,0.06592910662857698,31.39754357194033,9.646525075878674,1.0597889452775253,17.354279386981442,9.225568902917768,27.978445760117697,0.4148883731999209,6.935923287197822,2.1277455127759146,7.98935070072311,11.841939832410237,16.312470771331576,6.826758324657976,16.9780423239506,6.482968173934718,38.59936761479334,1.5823388195465409,6.178774524384146,1
7.49388,1.3728799999999999,53.21853123683154,29.92185596936322,21.714963738511774,37.20892089184042,8.623469913729721,12.779817588643,14.644410561493565,3.7322071801174888,16.743986255775155,8.79874608661894,0.05184652491476702,5.354228506798278,5.748561519092774,2.1050963019561197,14.862643022826356,3.284835946831075,4.191017754944168,0.8271515632706278,13.496704447376443,16.086729184199264,34.597868966490125,20.265386088976665,-1
10.20364,-0.70202,0.5420639725339317,4.2301828383386555,1.1933382201852578,13.847862122289209,2.523595868110801,5.0007280245053325,1.6362599428987468,13.450016557051205,12.381055380772153,36.06284918934514,20.523355810430047,53.92107611696797,31.70175389483362,22.41088907874394,39.38510298040575,8.956499268523105,14.760585593068964,13.911073393680265,3.817705831608171,14.748887049740638,7.650452033375271,0.9837218251342059,1
9.03772,1.6978000000000002,48.4374278074827,29.471393837911858,18.404580370279053,35.85537429027816,4.166710245871384,10.264292406997479,14.105571985364364,0.2618686666548102,11.898297432946512,0.38819486672038683,4.12799898125077,0.1209881413010334,7.888145219244247,2.880607441955317,10.7386740347598,0.9634120174493835,4.510466746628105,0.20708755796427225,9.478736710483437,1.7501984141189744,37.37927430256576,21.16589555872625,-1
7.9722800000000005,0.24775999999999998,35.031048554583094,18.255789823473194,6.966210190469747,24.38600576693367,5.184273206092807,2.629762169016207,0.1310332022422317,6.357139646047064,5.829437030556143,17.826899933937494,7.837400498282876,4.922424735651292,2.718771476130359,8.140918828707594,5.538388269690117,13.649098348577692,3.8640483228605214,8.897962951276133,6.15631270763255,7.904880204661576,29.470756453982744,12.54244507078149,1
10.39798,-6.39362,92.30824559372915,50.00623587323615,44.864568606931805,46.62879434898185,32.237641149733975,22.318910589739556,18.08520813902291,10.076058630345313,6.738085654651947,0.034281030748798534,0.20958607178434707,4.677779998369454,0.32470578299966885,2.094782509212556,0.161282542791235,0.9060526508371936,9.088972019101092,9.481160404729811,6.20667219923256,26.111286195737097,35.993263411318836,31.286772940478134,-1
7.93512,2.37926,76.93389973920453,38.9345083045062,31.407348211402724,40.54094662370624,21.259679891325327,19.349551216061787,39.31195282298078,18.975386345856823,20.314594034754055,2.1016272874044564,0.07351557371651127,4.704815076050416,7.244888883894879,4.844656562299126,10.199341783088485,1.3717534150831372,12.452250148720015,3.8927978489097863,16.237818732285927,31.576798647228387,39.00926379248677,30.95360613585918,-1
8.66438,0.90434,67.08619866413915,34.95896977254668,27.357012479570564,37.7672053079122,13.603812568892598,13.794516625608392,7.644859100134971,2.6269756160997386,8.468041035243242,10.497093939527607,0.09307364286668036,4.442704943471113,4.781501074863985,2.2483544598756153,9.937747350924282,10.604061772862776,5.341709615999478,1.621913060787059,6.2096771110631455,9.004544587263544,37.17245084460448,25.06084010860085,1
8.38506,-0.59972,44.87831338696407,16.18259444735498,23.87435868942903,3.875228349196461,33.39873893053544,8.435131369001786,0.5236247369779876,13.636277303266926,10.34972463980545,13.800076728613577,0.26387238870537805,3.333420546718658,0.037274419063641394,3.16335086557813,2.452361093373241,13.337840807287687,12.522178302797377,13.659823253768975,1.0428336255778194,45.93914183887565,2.8162032299831172,15.992549841358429,-1
8.38506,-0.59972,3.333420546718658,0.037274419063641394,3.16335086557813,2.452361093373241,13.337840807287687,12.522178302797377,13.659823253768975,1.0428336255778194,45.93914183887565,2.8162032299831172,15.992549841358429,44.87831338696407,16.18259444735498,23.87435868942903,3.875228349196461,33.39873893053544,8.435131369001786,0.5236247369779876,13.636277303266926,10.34972463980545,13.800076728613577,0.26387238870537805,1
10.14044,-1.50776,0.7171999999999983,41.5597,54.1733,32.9856,75.52879999999999,68.1574,76.7519,91.1539,79.1508,99.4063,88.7678,93.98349999999999,89.36580000000001,95.274,79.26089999999999,100.32079999999999,71.4949,78.59389999999999,60.4341,83.51689999999999,44.4603,63.2829,-1
8.5329,-1.35094,74.87463593409707,33.549940025105606,38.74095928426563,19.897742945185406,40.71033644357621,16.319006774514683,7.435399417258664,14.618740235738406,3.6898208153823213,16.657418437313424,0.30416802301675716,4.501569398731373,1.6990091976637325,8.866393405528237,1.962173451389404,16.59481148988928,4.02451446261714,19.934318255491124,1.2304006836494337,39.379654217081445,11.017883162117274,26.82248353884257,1
10.21642,-2.17944,99.49344897658604,50.278480407366175,50.88416732830978,41.665801908706115,45.09845570181119,25.64016784696996,17.080924468361,14.566611422599694,3.3850993228019455,11.956554857367163,0.11319461823290901,1.1396188570380852,3.3882651476923695,2.4592609440880064,1.5976407801467092,11.932282793100637,10.722195802752932,14.006831900750385,10.310965920671658,42.97127079952825,31.797641999523155,39.52602622114745,-1
7.876779999999999,0.76928,46.46909978753423,27.166233817462718,13.639935537196015,32.494142361406986,0.325550012137877,7.947782909653069,9.072092864234097,0.6867955050948781,10.834532922601964,11.58939809995946,1.5614141775363521,4.580368954505129,4.503477662128193,3.666567109721414,10.731895785706815,12.652992776900097,1.8555917975460343,1.5589180227077977,8.838743919070911,3.8524438964401377,31.91145271214556,16.69555096353532,1
8.87718,1.31968,78.96865693601748,38.52870871383416,33.301206317585404,40.06014809830939,20.285891409141165,18.244758982384624,11.932099593343018,6.037906172208858,8.464203818656049,5.2711887432274995,0.019736659559615483,3.4877959420355134,5.310591261245592,2.5342725199023324,9.384418886695222,3.5140143730723263,8.106133150296325,4.478828321676234,10.338601045475857,15.23132622999041,38.879809667487926,28.627029941522306,1
10.01962,-1.80398,82.26675565916128,41.31961934182267,48.010574804413274,27.792643940056195,47.42458983052459,20.436501260464333,10.227107529433702,15.936172604800449,0.40162158269935866,13.718653494457257,5.507710862231426,1.1577057433198987,7.538903888846383,5.584053721818145,2.0257400895803617,13.969974216633027,15.346730025102142,22.804584067955584,11.958795068421573,44.825567198049896,19.989147050137756,34.3149856834726,1
7.61262,-1.0572,48.82333521362039,15.683550488013408,26.761882593311192,1.2518254017488677,33.721329921570394,6.860462949953525,0.43049445156056687,11.19882669677023,12.250191617708195,14.952132109183964,0.039269326104490555,4.47399604043219,2.9684742087890283,4.6914861423903,0.9432103122596737,14.249818437309369,4.948640430424054,11.945573516865265,4.930745581475553,33.72047381062914,2.5510366265339415,17.090537099880187,-1
8.02628,0.47568,36.8710207992589,19.927393031916715,8.941122009553391,30.12047933287594,5.169516131369394,1.9260089444366397,10.24599129738825,3.1501196329099654,13.40692128492727,12.503086798106468,0.3099159542117427,3.898040989324895,3.979075485572886,1.447652414922991,14.038967791242442,7.927550969975581,7.085498044555147,10.880884331075654,8.911616935889707,8.058483714272828,31.021696902616696,13.075758085652916,-1
6.96846,1.8988,31.922093149856565,20.678227307097185,9.068089685351621,31.26692004621112,2.1415669985322534,7.471367511576037,15.251445320633334,1.6818919736775895,24.315793861939955,6.092465385970306,0.05742289961713617,1.9112430596949852,9.308044767301674,1.683275180798996,19.828110148551886,0.5484846458834731,3.7031589423409677,1.3500330329624126,14.77695140964287,7.618452436405132,33.22836344860496,15.678587840244017,-1
10.03592,1.67998,76.59858833064902,41.43568611186108,33.28757878144106,41.27051278292579,19.954570993761052,12.154512279193588,15.195412944571993,4.352966689074155,11.044639892198061,0.08281924724775455,4.00865963268536,1.9685830039767265,7.974073931175924,2.9197878684191907,10.122183147077871,3.934102996263475,11.529779019972521,4.154530540189188,13.820516011499322,15.590555934395379,43.625145373582654,33.13708317907918,1
8.22542,0.7846,57.257062625719534,28.500243801757456,19.415072916250896,31.95903346359357,5.083767585839907,6.624670964997345,0.5761105108458197,0.0691134573451784,7.7516679865317695,14.491347669446455,11.122578791756792,4.549136866084872,1.8727279970422517,13.396179575319362,8.251209250421653,14.302806501422038,0.16569428151801308,5.626218057187817,7.486693868534457,1.4848180567662692,34.32899780919831,19.76762034532239,1
7.381,1.57046,1.635436975820807,10.132360687279172,1.905250556616756,24.22504129659864,14.8981219608892,0.6351254202839659,11.314683157041879,5.720445489286608,19.66290838147126,12.190000889505379,0.5729234840485122,5.764809633617454,8.334751247727601,0.8805881920120493,16.72318813258665,5.756811952985078,8.20962579563252,3.747637936792849,14.697317013262944,16.693639065563282,24.24408729369657,5.397732137634898,-1
10.34294,5.66742,92.58973609404215,45.450144808124996,51.10222956133794,31.769198400979494,47.032634484275924,26.363006361652317,13.66640554881828,18.139171324997843,1.1879047666535976,24.96507086261885,0.39241248561279013,4.637758751635773,2.0176213454414245,0.39371718988315835,0.37806159188298866,0.6680214159860517,10.823972290271579,11.705439177667763,10.836772838535303,35.906532737844415,27.278433204610746,30.82957228319905,-1
8.67132,2.3902200000000002,93.7776479976715,43.495386307517336,43.743753668101256,34.61832090025182,38.739389429320894,19.324119092934286,7.78693317428961,11.450323061063232,2.112554285960326,7.028382568702392,0.10401567833342858,6.737574562448467,0.4642601307785576,0.8545285220308977,2.578274958633521,1.6527128792256724,8.483267035066774,7.170047646583301,7.131290095843634,27.579193587422488,32.5767523606966,31.891003855227012,-1
5.2687800000000005,-6.42094,77.73921017967812,35.91131129856522,43.02057511066408,24.176316656661914,43.6462370584334,21.23790162791609,16.085259621246372,22.855245418697454,0.16745904872914277,33.09599855707353,11.643093005588618,1.3606327478396807,7.020740005594271,13.14299603538612,1.2514711627314234,18.6152042375475,11.956506108493084,21.944617923225717,0.9916692257828409,39.31432958009387,12.106773571377019,30.7693457477981,-1
8.57688,-0.52076,62.563602471300555,28.22752894474205,37.12771541839471,13.087579475332543,42.85815133770307,15.923606775497866,3.850120233510147,14.381258698806228,5.207857760787482,12.244373289638554,0.7901309102911902,4.018250411922906,1.026698192237508,4.857429596485742,5.063172459147053,12.177400776582706,6.588815238673713,17.73572254178027,2.2091939501858753,36.35497568959331,5.291683821833805,21.525755911570773,1
9.887319999999999,-1.05942,93.15074023398375,43.84650584215493,46.742951895960296,35.713012271023366,42.735514173202496,22.279479647622136,3.001643514834818,12.494918769732294,2.505890936800188,5.5404024626317145,1.038083993856243,1.3502408917210293,1.8879757043462744,4.4670699002305545,3.142314522893675,5.370508180459152,4.968450259166699,11.260698399463923,9.688482034472603,41.145689691626,25.70256412999039,36.06365014489411,1
9.06414,1.16098,73.8005791615353,37.34160424468672,30.215926956347715,37.76206776499425,18.445647500765546,18.27996808733333,7.3208502582172965,2.1022562209871545,7.228005043049289,11.442045822096333,0.15136746549378918,3.6159915334707455,4.381854156062084,14.108364450150223,9.119008786521345,5.827845740558754,6.055205532831705,0.751245190329536,9.191364130991863,11.960178623218315,38.56154161818171,28.048632444232165,1
7.47054,1.57986,15.901050513672491,17.92821319155702,4.994846226896961,28.21521440947486,9.303885102585877,0.3255624007752541,19.762768601247515,2.540083811037616,21.150419163948538,11.853974715552587,2.2244225035073626,4.642833035944161,5.622303903247496,2.768124068033412,19.922985494900114,4.879243895891412,7.550764385262787,0.8585324567946154,12.874875044887661,13.285782414642085,29.639342395646718,9.288906770509097,-1
8.01468,-1.22128,56.95585680141342,20.39361130120332,29.61853311856598,5.537873277586715,35.70120164930915,9.62245975326708,6.684935615986524,15.435181418697178,10.35370908261866,22.3208469990964,0.38553717215305944,4.250515107237892,1.1345006514007048,5.3481380196478625,11.588553705441308,11.156330206539366,8.201960917693654,16.231770346900724,1.2569142044244148,35.3263859563113,2.7891765219768248,22.112580176076094,-1
5.43074,-2.33142,13.99452661438699,1.4142857696987021,15.781366847445453,7.460779886988903,27.552843831526427,5.3901746915752815,3.8974482255492306,15.696354436794698,15.341106486349922,28.158789152860653,0.09039522111483884,5.749160633809011,0.09336097608343286,12.072558794795828,6.389080464604354,20.85957972451993,3.6904310767488187,16.940756230285015,4.510773183025554,23.873858284658784,9.566827311061843,9.592802671480822,-1
10.280339999999999,-3.82618,85.1339721136051,45.9138460858534,38.14298303750545,48.133650724206596,24.61774743225094,19.605590986685666,12.357056980867858,4.121843073510362,0.5753552198257048,4.561908106182864,1.8014799393079766,4.710363972982417,1.142009756899676,3.1425767450034936,0.9232090015568706,5.038024383373297,6.730998877089291,3.6834956110799526,10.930936011189436,20.35904949708434,36.17441072485422,27.500024357568574,-1
9.02294,-1.26248,2.5953000000000017,41.741,54.1786,32.1743,73.9927,62.5493,69.12,83.7471,73.30510000000001,94.1181,81.3664,90.51650000000001,83.1191,89.21170000000001,73.0491,93.2493,79.6897,85.6741,69.50139999999999,80.0618,38.6255,58.5025,-1
7.5727400000000005,-0.07492,31.300652123778264,6.443094605764582,17.927087694133764,7.7925554442712395,28.235220910008664,3.7589335750422634,6.149850587243652,10.59277928628432,0.21165092357303456,14.864079796713012,3.1587526333642875,5.663468678290756,2.596304319382828,2.7756026708132633,8.877837092663203,10.717662322528506,6.669858595030342,13.1068776260857,5.116381656845489,28.674292881135543,10.972203296904084,9.297093686016945,1
10.45186,-6.14212,92.96889626671692,49.704658158097885,46.24876774046515,48.917492905924895,33.812438767231086,23.43345462213928,17.708915317485033,9.350982189165839,7.035725912470026,0.26099374418915533,0.40677762589212585,4.732790426782048,0.47280252491145813,2.0334808062190977,0.05791962415910161,1.4463535681698254,10.704309996909604,8.870892894675848,11.184236290066057,27.55787180349189,36.27990047907931,31.827179838668307,-1
7.7167,-2.902,81.4817376092746,37.6029432633987,43.388564601863536,24.717950233399765,41.40218160507773,19.331066445829766,15.853534893735432,17.491076189281795,0.37366573871767494,27.297952408096492,2.892651974471619,5.1866662857772825,3.7893740902751243,6.216941870553798,1.9874475628749593,9.489040418893534,9.162921063359834,13.742698707392178,4.753787564436718,37.33005356406688,15.406013201350872,30.728517035921538,-1
8.78974,0.38961999999999997,62.294263437128905,31.78043654371805,26.105290828067684,39.19565943235914,13.76152052836432,17.99124218040136,31.06589899141374,20.923879969178792,16.045230915680722,4.750948048566121,0.20459219417391086,4.604253539851679,3.0195129980657245,0.3660871214115196,14.31498026118048,2.7495813315065267,12.037737166633024,20.01349953445228,39.85307181914643,6.991254448487812,46.75475207868186,23.028180821155715,1
7.13094,-3.04378,53.37523357425401,20.534502636538846,31.439120272000366,7.937043628745204,40.03370889327827,14.55560408847361,6.5774179387108305,19.371631167879976,5.517501652163554,25.891348790401658,2.742907905141218,3.287885659357367,5.374754198563512,12.190712408173935,2.9435954973593104,19.57148083979002,3.0172347283814664,18.233629433989737,2.0604338323723934,38.9205032451012,1.9206760626825377,24.032663759538753,-1
7.59748,-0.12282,6.0462543929297405,1.3930805376740154,3.2490455384216137,7.07770563416789,10.561258410549959,0.5360480692569491,10.223571651395552,5.321851835843733,28.66630462230696,10.47450095096856,10.394661035874764,29.458236820432095,6.543389691493939,17.75683399039026,6.95737752302503,30.686909019911024,4.664235018288543,5.056433400065463,10.388475942895397,16.168785414055083,16.69067791653474,0.32603543974980376,1
8.21906,2.08002,77.91060698126516,42.49484964987025,35.068840243247834,44.3188067137155,24.27857726556677,26.23207719388404,14.214764293475149,20.841799743503312,11.876795757342304,4.469324390570411,0.11689278353875007,4.2735542387247,14.201511141578669,0.5865747704228113,12.06033093244871,4.099347517993783,17.22559971797681,4.594691203432349,30.760178434086168,14.297648769153874,39.19067414343073,28.79056301077252,1
10.401819999999999,-1.7457999999999998,78.24184095193716,45.804060653650076,35.482033078730886,50.72726702308488,21.4193875253725,28.16316600593794,27.839236353020034,18.891171461602013,11.40706053756417,2.5241655334417614,2.3644250862163254,0.7685865889031428,3.1522459827252893,0.4339364482727907,12.400975990696146,3.2158537901484405,16.139124600580587,13.281803793497387,30.19806687487471,14.554330301341682,39.489900773915465,26.589049191280733,-1
7.21778,-0.27048,40.83797037412313,12.736260278003325,23.32741318515303,4.8312263816723195,35.46763071565171,13.4295799094365,0.27256280856829385,12.650639456400183,11.646894015072206,29.50954070296419,0.1145461390212644,5.507858346434481,4.03811885527177,2.9095050326616825,10.093964136501885,5.99704292289001,2.8505075949802894,10.50405798194423,4.043261999195968,32.548871512297545,0.29353444991119415,15.271359734345667,1
8.43186,0.04546,28.894777852685085,3.59587481916627,15.515734527810837,10.898590844416995,26.494070344623353,2.145177824981944,11.148649033414314,0.2723615305078392,11.370933361791058,3.933535617087444,6.191376896825026,3.4433551576870816,5.353595872333756,0.8061825265443718,11.74600010672261,2.240154278841011,1.0605344942172794,0.19129305866683752,10.67224383149279,27.529558899824536,11.743829535817087,8.49673271491975,-1
8.13946,0.7693399999999999,73.22415650703178,38.88044764520002,32.55505382929252,41.02338754225371,18.70997873065215,15.11323309686159,8.984512065798857,3.011716125328842,6.9916568774841705,7.252290300317468,0.269635697590049,5.922820441626318,9.530477496258982,1.1056689881917219,6.868742099673217,8.095377760981878,14.61966853183673,10.034320820182446,22.214068870068907,9.836087102337126,35.135001234887376,24.228431160066766,-1
7.701479999999999,0.27078,41.225041042067616,23.11194282926144,13.073933457241838,32.324874680076505,1.1352486198743055,9.665205251977842,6.951833191771606,2.070956731399259,16.376667270223397,12.058482531058429,0.07638026097166459,5.752413543267988,2.7113390157558235,0.6787293359058,15.40430800840595,12.303849186035109,0.021661083881658993,4.475689104254195,4.2328542077180185,4.639576692003896,32.28772234590486,12.82114025908322,1
7.6985600000000005,0.46971999999999997,11.52313257371049,14.426732375421695,2.9805360331710946,25.91248699443412,11.453638728756758,5.717657342446292,12.109060598948611,5.51367632104954,19.370112205161078,14.9177885683228,0.00024728716721991007,0.6094678401206746,5.233421025033018,0.9415881430132224,13.13541424995339,9.203628579086606,2.182314652137424,6.473785197092309,10.74250660714989,17.144936667022993,25.93411805191968,5.025014025339129,-1
7.17986,-0.61744,36.83605549855862,11.371725604366414,21.506019841133337,0.2449346312738482,31.188895206306274,7.559053726927819,1.7915577419727413,11.89785587674035,14.598215724735885,17.03587356000881,0.6433020497425179,5.3534409827933755,2.2590823543221705,4.4558702199036775,9.022227280490169,11.469347407297402,1.0591818988872657,11.863602817700896,3.7988278599880023,30.427210374409043,6.759671031206499,12.676538092153915,-1
10.07898,-1.6115,1.8840000000000003,36.5487,50.7648,28.1496,70.35079999999999,65.569,43.8485,88.5027,74.2512,98.894,89.6245,92.28729999999999,92.71600000000001,91.5509,74.541,98.1051,79.7859,76.9948,52.8779,82.2072,42.0099,63.6118,-1
6.64842,0.17624,12.621642308278702,1.6765270401984678,8.67894648913774,13.287419014517384,21.306358088992056,0.11333445207641528,10.039232253615053,10.29914526093924,21.38925966990624,17.77946884844283,0.6548243207574915,4.44792133572293,5.2913516032334575,2.4647142350190796,12.414562571559435,9.989292431246842,0.747707648404639,8.587242669719423,10.930728755195599,23.581891580134155,17.58597815860096,2.829886943848701,-1
10.24718,-1.59806,1.9384999999999977,37.7768,53.0501,31.2035,75.3148,66.6284,64.0613,89.7576,76.57820000000001,102.9161,89.9613,95.7267,92.11500000000001,93.5643,85.19319999999999,102.0916,88.715,88.3004,73.0341,83.1191,42.1775,63.4686,-1
9.39268,1.10452,79.43345253960852,39.50544499213599,33.29297559436642,38.46739370072553,23.347057134100226,15.937887246043832,8.859193439040707,4.2116643992776694,6.442561290319918,7.7224078427629275,0.12042350775744039,3.3889006932388863,6.600664645728574,1.2341960813802575,7.798867178143738,7.355262690319576,2.615310783061314,5.059500377342016,8.870083285698836,16.327130269994203,40.02456121447015,31.295800654700315,1
9.398,0.5881000000000001,58.79204117205341,38.04120827014898,26.65850154044154,45.65729743026699,12.760674590573124,12.170145543866044,16.550495686144835,5.2210206717566106,17.25500183535809,0.3611909775679822,7.403713142346387,0.6867849727675255,7.569241212279876,12.19687683899101,18.21293792971967,1.1654144810426887,10.575797857225757,4.816041609906223,17.41663707143363,5.6776926584387235,38.916559907320924,22.941029455184065,-1
10.45636,-0.20737999999999998,103.28829999999999,92.7151,85.26849999999999,80.9105,103.60239999999999,88.26849999999999,94.6874,80.57159999999999,86.4801,45.0019,64.3992,2.6499000000000024,43.39,56.7091,35.734899999999996,76.4249,86.4856,81.4641,93.89529999999999,81.744,102.464,92.679,1
7.0364,4.06824,72.52753943127553,39.94883235552976,32.325914184287164,43.21637900677441,18.981285855037925,20.63149020419503,20.05364828228578,11.62344166023742,28.221300345837633,1.2003500872227606,1.8387845248260675,0.37572963130139087,11.932631539411007,6.0459338532412685,17.727343236154464,3.50798501798899,12.408988046406908,0.7139112025976948,19.722535524793948,11.500448873119677,42.74978293011791,30.29988178672177,-1
7.83678,-0.71368,49.55689393241148,19.468875241868876,28.256942799127057,4.5987206298690415,33.89749517162906,8.84736657981542,1.6801194760081408,18.71481652469043,11.920643414627886,16.19761646918631,0.5846952657586547,4.9413881189077475,0.6226525030018542,0.8162144804549267,3.912906917468807,11.538605189440894,2.1058107763577847,10.842861409469931,2.485030161175601,32.97724520713571,1.4814808592536874,17.0721959110123,1
9.4,-1.832,6.407600000000002,27.971799999999998,45.3122,20.9883,65.2933,57.4363,55.8485,79.9461,74.5281,97.06569999999999,68.1977,91.54570000000001,86.32679999999999,91.4127,75.3093,97.8003,69.0474,81.0309,56.9236,77.6116,36.5369,58.7643,-1
9.75322,-0.3568,71.1234269918272,38.27728529184237,29.377970372576524,39.535786420658326,16.454160162060802,11.068155803619112,10.000828213295799,2.2481299963023904,0.5099931322587195,4.812375721767122,0.8173240089993772,3.8592251947705005,1.5420012927253015,2.5947651732377084,6.507620190252177,5.459475324298655,3.661410804442912,8.3493658657881,3.616882364844097,10.559801360415529,38.61035517251996,25.542899499496713,-1
6.88394,0.62004,37.26456425603994,19.985192881654626,9.552257106782886,30.057415273479524,2.358030091122472,5.8086997062131065,11.00404852393209,4.117248704755504,16.825378881197302,16.40553298000391,0.7807089597483662,6.395937803280257,3.223013404517065,2.961214218271539,10.751301912626094,2.937517222317405,1.8960180775554274,1.7521388315336368,10.658427937461289,8.44240222099136,29.759218121324164,12.204470062945814,-1
7.31668,-0.2954,35.09789037941521,8.769576449536627,19.471007407206436,5.418140504217811,30.221572265280685,10.374378760543642,2.9518952302377954,18.071807656469183,16.229253689395964,14.672532444433777,0.12102632059271928,6.006768592666763,2.7450173357463057,2.9192496893458175,9.789009172760283,13.05789208244793,6.224624097822498,13.612026703995003,2.2505212806759096,29.59854370517929,6.3490138714098086,11.356680510557506,1
7.3995999999999995,-0.89512,17.469466837398443,12.983538928545173,1.6941665262064196,24.49002115230475,10.722806268559665,4.742976270079188,13.72304691227957,2.454906839461615,16.27922861111412,18.53376352003731,0.2151405952275604,5.652359760777355,0.7856116189176826,7.21854710477422,7.366119104129967,15.004374077692214,4.518283668941581,8.43539627677437,16.138714974996766,19.700160163827494,27.34274672301577,1.3629344253390798,-1
5.32282,-0.5012800000000001,12.101577818026016,1.3320513047403455,10.972021815463142,14.299139299958748,21.386686400318908,2.5283095461657794,1.6055957747805452,14.479978021152466,21.419096494359845,27.30147577544632,0.17816117693959146,2.195869888966403,2.5799378142326495,6.36946900291552,12.77473059774508,14.947906250423832,1.1189010752651491,12.890544651267096,9.180891389111984,23.007746407422218,17.365665761769122,3.3708193269171636,-1
10.2609,6.20856,92.8539701109344,40.45401754619472,47.60648030738877,29.45698898081736,44.450962029782595,24.429437714411463,11.21284095091464,18.784314791343892,0.04963911979147588,0.3324936554588721,4.634526532835493,4.59197537890851,0.8211864022750002,0.5977410826565279,1.5917978653418066,0.3796956168134542,4.125923994969061,18.079393096810264,10.730324592161084,35.09290368587709,27.5942476741958,31.772606895383422,-1
4.53576,5.565440000000001,69.96771550515503,35.96027435404059,27.436787370062454,38.18432638284289,16.615843654860257,18.856315088840066,18.805490057611408,10.317461484616695,25.522988296144426,0.3675659104264106,6.306855012815089,5.417853999276214,10.651851884387842,3.852683515289884,17.886642577723983,0.5523999167574446,11.075942002770075,4.080307174441236,27.55547365298397,16.66326419210734,45.21989858478202,27.51321402994189,-1
9.16776,1.19786,77.31259579114061,39.958963371227995,33.42471829352935,41.931020531449214,21.596456327502516,18.724915224517208,13.185637509810036,7.343514467675757,7.792799880529511,4.068560636207736,0.4373475990416989,3.5744146832736363,5.549013864155217,1.5167841907144815,7.510205596625773,2.9719915583363545,9.048304664062979,6.973339885179043,12.613820994925499,16.698095027162015,40.17475029344119,30.549259697749246,1
10.42114,1.6773,6.585300000000004,54.5928,67.2981,52.1723,83.8056,84.9115,92.35329999999999,101.20519999999999,93.9288,119.58149999999999,114.06360000000001,110.015,110.8574,111.0142,93.9585,117.149,96.5395,107.28729999999999,93.2832,90.39099999999999,49.0659,64.5864,-1
6.75512,0.014480000000000002,40.407773899961555,7.785759609065004,18.272147132268422,7.496974986979068,28.35421422335923,0.39335597811684403,10.931683837221115,11.330554561199968,17.478537065636708,16.295538116498935,2.5283334562098547,9.062881621098175,3.1118557373759868,1.3365064942750684,12.134051539893534,13.09439682225293,3.1448256640994385,9.494525038949762,7.09603917363228,26.693425318691926,11.316613597282595,9.412789066417533,-1
8.75516,1.7616,3.1481000000000066,37.3448,53.0908,41.2759,69.8368,77.2604,82.10159999999999,92.52099999999999,83.9823,109.54820000000001,99.2996,101.37,98.77449999999999,101.62549999999999,85.07399999999998,109.45859999999999,84.8514,93.3674,83.7383,80.6114,39.4642,57.06399999999999,-1
10.17948,-5.3278,93.13896481671273,49.3062554942725,41.941589671104474,46.18009229535027,32.98488056364304,23.89090395660516,18.322133152244618,9.977080765822091,0.03340335060311597,0.7506231868389152,3.2293352152283745,4.468487600289984,0.4281864756393526,1.246799847736305,0.22519253716869525,0.6647879678835814,4.005556601717847,9.974192732642797,12.587459519890997,27.39422981942755,35.066160879975776,31.46519421683176,-1
10.30282,-2.20628,100.81666016866494,52.08523379109221,50.5548717016696,47.57882228497079,42.847133559052594,27.335607260689347,14.429141548464125,13.256428425543666,0.12675922997303612,8.369633454686033,7.422369827956525,0.9838163910204402,5.127920200238537,3.4962638272700675,0.12938774923764937,6.662252399927557,14.272605251139632,13.615792969466026,12.355797431210453,42.55022274381557,33.45985063628934,39.49695127502973,-1
10.38514,-1.7126000000000001,100.82061478263813,51.07616915924795,48.97203396527278,47.014703211573334,39.56917201714174,26.327094515890796,16.889571125274884,11.771181942747107,6.478325416745996,4.651053770301216,1.2575099870513737,0.5963064335189218,3.670084808302397,1.7437192021869117,6.144256035481884,4.19452717678032,3.189041094123569,10.970510580582115,7.969368631030402,36.51399112788297,38.283467920513125,39.01111368971901,-1
8.723040000000001,-1.3147600000000002,59.734650009069746,27.98580369062737,34.68912439789513,17.025222932066992,47.38553461398033,24.986649401010457,15.112649117497437,33.82549781508943,0.869509233171749,17.245343403638387,0.07767170078444219,2.2352661870708377,0.9660233139676828,7.627300315220692,3.186228264395181,17.7415636816198,20.230424625761305,31.265569526185946,12.444466340485727,38.27693195542218,6.04259937162188,24.06343800784851,-1
7.93162,1.6613,63.30919976430688,32.56420660318919,25.4647886091263,37.37318157653264,15.335239472039245,14.513681710245347,7.422632142324007,0.13632588008253463,10.663907249928254,10.009584108311012,1.1823140990058763,3.9152731053720045,5.955287064691127,6.344379032600428,9.549512813770722,6.71396055706259,1.7081010821761597,4.227651046675416,6.807579773614426,6.049533184620011,36.82535387627695,24.437387859724776,-1
6.497,-3.9409599999999996,70.68690003052302,30.661148458175788,39.927186919585495,17.06798289289954,39.50267862683771,18.08068073508851,9.098208739890005,18.82884291996222,4.509296255621278,26.196581123141826,0.4347135812069491,2.3804441260811107,4.743767545537974,10.618128737061854,1.0146118975257186,15.836114893665881,8.52969618927426,17.727438579269553,4.715552985574959,39.07053856514419,8.111024186953056,27.0104222838819,-1
8.66624,-2.2551200000000002,88.85508025302165,38.72962245625886,43.40142037643987,32.25023911064676,37.59323020237778,19.346189857211943,8.998441098049147,12.256873268679326,2.8147467459981423,8.36552589041429,0.8706914576613898,5.160129049233875,0.19318609839563652,4.649286423552166,3.018512782187808,7.867416065427713,4.153683055209958,11.733369166967439,5.439576657234987,38.29817424853599,21.404081602570216,31.896796234280643,-1
10.210080000000001,-5.195,92.67491306585391,51.46017951817976,43.947183942064925,50.403807493810284,34.81654742821507,33.905493662116754,31.140052272441697,19.015033423854142,0.2469874298704994,9.806663454309783,21.45997138294053,4.747478250753849,0.5425125503270097,2.4156004047337643,0.8145015385436694,3.0544190013163464,10.676249085637416,13.068917737689766,0.7007233568910763,26.805051457208155,35.59787672328704,31.60923968867337,-1
9.272639999999999,1.08828,83.80885777830464,39.680995910476156,34.56659409707792,38.18188890392211,26.419239807472817,15.237779949897014,8.896875122182129,3.681687291200748,4.867633503112555,8.011945415810123,0.12629002758152974,3.963399574459289,6.106748535007073,6.042224601533128,5.6849732996899665,4.196546529469664,1.312598257391222,9.155885355699152,7.887145932570118,16.95278910519086,39.009741552575065,31.201111742244205,1
6.48738,-0.8034399999999999,35.099728135076816,8.602108153153832,19.819887109657692,6.681032913918097,29.031137783336128,5.371037028741757,3.8525415812053647,11.275854922593782,16.004727143778222,14.91928943958543,0.2108032379743167,5.727404130302558,2.6912302344941694,3.27026073374433,5.95727366241683,12.606018186123263,1.2987396225875276,10.654532937617923,8.516381508223965,29.926595686198187,9.300149289263917,12.130865292577253,-1
10.3932,-4.40366,87.71929554415871,48.88591179379309,40.01036627441413,48.2113520725999,27.33962051609048,21.454355175974058,15.182169866145713,5.192165704513459,0.0047962603047051865,3.5284195121730706,6.326376112690018,4.8143768967973575,1.0782959662146803,2.682100773992998,0.41624480897649646,4.108772252826232,5.831072160576004,5.806060144411543,14.644399069340196,21.48856684397963,36.5584840511784,28.41904029296134,-1
9.4,-1.832,5.317299999999996,29.037,44.6455,21.5906,65.98949999999999,51.9438,49.0986,81.1259,66.3978,97.7577,74.9025,91.82730000000001,86.0304,91.0255,75.9532,97.8977,74.28999999999999,81.9516,63.6185,77.9245,35.7984,58.9709,-1
8.870180000000001,-0.9708399999999999,4.298053584042893,0.3830288802141245,1.9939990971089825,3.3087547326249673,14.544096219027828,10.340561134739675,29.73778205429083,3.483217248674656,40.20284785690775,11.028939431963476,26.85283827833198,70.72411103275172,29.38554953225688,37.32083210713178,16.286873627795547,37.272534844645776,13.638779924398062,2.312839683807071,9.141614923203672,8.295890770548725,9.023977453455462,0.24326173381339988,1
10.349599999999999,2.1651,101.39594702284649,50.61949348634031,50.14607934518663,42.06480444331307,49.563414086216405,25.301714672973368,13.45541420920108,14.596203037616482,8.31003217264513,0.034516436426729094,7.563246402864637,1.0742683498950405,3.6023791906874205,2.2448258997144386,8.40502817443936,5.799113846061154,13.386404851116346,0.09710249572245937,12.760064978124985,33.99408857474202,42.422291894087415,40.310606787919205,-1
9.4,1.832,0.41960000000000264,47.6312,58.4775,46.4571,74.1301,83.04390000000001,83.0784,99.6594,84.84110000000001,117.1446,98.69569999999999,103.7723,105.09389999999999,102.862,84.62129999999999,116.14,91.03659999999999,100.485,83.1526,84.9757,43.112700000000004,60.2025,-1
7.7457400000000005,-1.06714,63.94926699472347,31.293255349778764,23.244471647912373,36.56533345975863,8.49434942494973,13.489388151480155,10.56058233519765,0.6085823489159753,5.740110988020008,12.405395976688073,1.1407319058263632,10.726877099643415,0.7576821881346589,3.463361832334691,8.24218808607907,11.243386533167168,6.211464117570743,0.8987541139667143,14.671951020884094,1.0701399235057083,28.852384701850344,15.696205641408948,-1
7.3025,0.3614,34.40877152884867,19.282258125209044,9.378722223969522,31.57534820230591,5.415097438417974,17.513742819315215,13.372593721809073,2.154154294378966,18.989105107288548,15.553384454026926,0.2315817437831206,5.600650084617049,4.042365115449804,2.064619382980031,11.06420583772798,10.092281809020843,15.960853120338838,8.579546471290364,15.871550753206249,10.878125939253495,39.682271369158315,14.944156728268341,1
9.33502,0.7008,71.25403120132734,40.37660957970075,33.51833094379365,43.73539004539129,20.403133967666687,17.120992414844295,17.877677146732132,6.162210856697551,10.754423895597743,3.842318399201719,0.3752657669761545,2.7655229236017274,1.8606982801997531,4.671662526265793,11.632446039907895,3.196134095469641,23.584178463113965,13.907559511825859,31.16411052805642,12.262856484963855,40.560175879756656,27.215813766201215,-1
8.19932,1.5964,90.20402269074566,42.9652234412737,43.318908057692305,39.782981817555374,35.046174131895725,21.77724974108805,15.190297272431868,17.736847850705114,6.405455445274648,0.801673080984423,0.7049032429348067,8.07942362462208,2.1472307589487705,0.8379234876606142,6.809865167575608,1.136129740729129,7.464993259215141,1.8295758064754013,8.945276673273648,23.632615659770895,31.36691568133891,28.80629389862452,-1
8.54314,-1.3375,9.725699999999996,31.2716,44.7421,22.760199999999998,67.3348,57.1119,61.0845,79.31139999999999,68.21039999999999,94.2401,73.4713,88.3252,78.3317,85.03659999999999,69.2307,91.50229999999999,74.50219999999999,80.2756,63.1928,75.7981,34.620799999999996,54.9571,-1
9.48954,1.05144,6.446763226586208,13.898016299140714,1.616819787014864,28.162723721483754,12.600149035591128,9.961302798101284,15.810773907498142,1.3906133169643615,21.971459512244092,0.1708531270062147,11.499777951570861,6.553464822785714,12.460764111295365,5.99423525892725,22.596423025623633,0.15354841041647688,8.3776948249512,2.49339294029865,17.345435809881295,14.823920869610248,26.801146280087575,4.7658974250498245,1
9.42832,1.7783799999999998,97.45573694010406,43.84918786148052,47.252694488869196,36.183254452421465,42.00628174869875,21.76308450536651,9.50072850322008,12.400667324778857,1.4115927187436659,1.4403226463758096,0.8126597617414892,2.711463014058487,0.3198032626128909,0.49957740967485165,1.1343613232686973,4.316573571709553,9.89648587629027,7.901276625527316,9.58660851702227,32.352943613325344,33.235998979651136,34.317078284935334,-1
7.05642,-1.2682600000000002,66.4109618547983,24.100353074910764,31.958276492683403,11.357134216373336,35.13983062049481,0.0017706422765196412,0.5067157290478183,9.189558798899679,11.702381153193052,8.760853299757125,0.5482739207092402,9.260361435367257,2.048049204381969,4.598307436723946,6.43243568116503,8.592385671658372,1.4617680398952435,8.63030551926735,3.079827637788131,32.49036536833225,5.6943114683333995,20.702176119836533,-1
9.4,1.832,1.7494000000000014,48.8616,58.3426,50.5257,74.5618,88.695,87.39959999999999,103.478,82.3362,126.6197,104.25,104.69720000000001,99.49549999999999,105.5372,84.12180000000001,125.3578,105.5065,103.8709,88.21799999999999,87.3583,43.2515,60.0509,-1
9.89974,-1.7129,5.380200000000002,35.628,51.3005,26.194499999999998,70.4119,65.16929999999999,69.8065,85.7813,76.0088,92.2113,89.5342,93.834,91.54560000000001,89.4353,76.8443,100.1217,81.7253,86.2051,63.3377,81.1737,40.4806,61.183099999999996,-1
8.1496,1.9942199999999999,73.58917258936737,40.01994516577983,30.32280387355533,41.73101520996009,19.33127934523288,38.65461401572996,34.4013245980871,12.114079337862382,23.080014508982995,1.5224226777365413,0.07881591394698138,4.238638303071524,6.682470316982822,1.9545049207534242,13.767016295632219,1.1367146759259756,17.19333665968335,8.344467091147912,30.584485762591427,12.83438933940493,38.777563059435764,27.261999338172124,-1
10.25668,-0.41734,0.5140890825634185,6.43201677952864,1.9972779310827422,16.532181254140408,1.829307235915741,16.128406213148505,8.177673588757541,29.49217672404828,11.765767494417535,40.332027803558965,27.16301878175705,73.31639865469076,40.24723289126246,30.495019677302306,43.95116080852983,18.39974807461193,36.13521104015984,33.362689828181466,11.73592143122023,21.148683355348552,2.098971909840976,1.4352596201910388,1
9.0268,-1.0304600000000002,78.68347537005704,37.678464737816725,45.34578543235306,24.5581309998516,44.70200515801419,20.726408831853387,9.73854623005603,19.201741915282966,5.0815425930698135,13.005753186730402,0.08423106048893195,3.203155747548369,4.426300280192792,5.851166982406241,6.540247191217908,15.58803028473199,8.677788283341267,24.01085549844094,10.433337554551002,40.12615676155225,17.1820764696425,28.883245026030448,1
8.93868,-1.2893000000000001,93.74370071060984,44.68894075100577,43.26990927131344,39.827529194392326,35.489787848144886,20.682716484756973,9.945331925513361,7.457217466550236,4.211497609278635,1.5063668820463618,0.17612719247311737,6.432234934149838,0.9021925081573487,1.2719198207162485,6.328364597253472,0.7341842603015154,7.9056530108896235,4.973170887428134,8.724153858403476,33.24609902096188,28.357095174498554,32.89308128989637,-1
9.00366,0.8554,10.049433971486739,14.275387975636635,2.0278691132571796,27.203243686310895,10.472547018269262,11.089054121353904,15.576650424456929,2.91922930457848,23.34452087699495,0.018813899610696766,13.477819181109757,4.070998658079585,14.914493470906663,0.9364813793763704,25.640280143363928,0.6215281385465699,6.148131632198991,2.6082472572511324,20.73057093794162,14.577715678734661,25.779488274776114,4.554039949543057,1
7.03552,1.5325799999999998,58.85435121225891,28.578579220082595,18.554996850616952,34.991959330698144,4.03457140035451,12.30586116346544,12.120296748989905,0.8883037794842961,18.291060179125672,11.166454714762168,0.7855105379277808,6.2551559051925185,2.919897515060155,2.585784176389624,17.699939144025983,12.414868060876426,2.1238999880388847,6.01860101008721,12.362727609398494,0.596769348799171,33.805881044758934,18.827633908460413,-1
7.573739999999999,2.1293800000000003,74.18178083542944,34.57989163782989,28.8852089182453,35.41563276274939,15.580478655180595,13.964127205871215,9.954159906927224,4.131915779671381,9.012689371155577,8.879420027125855,0.018338825607300154,6.036407429259103,4.443615813603954,5.704902571661719,9.883564895942751,8.414883991661654,8.075531160274151,3.600844785787471,13.414636407133273,11.403972130844576,37.30820989148945,26.716941009323435,-1
10.10096,-0.9369400000000001,0.5697355813941708,3.4210072506067455,2.531203694574906,12.296592580507328,7.198366996943611,4.897490979381069,1.1052187755663752,11.438623056068232,11.76314400521258,38.14949439589634,26.158087529315328,72.85456523913174,36.981597601787534,28.372045963815804,38.99017479574513,15.601696303952433,15.785871172353446,10.792955549442578,4.397269844128503,10.037436417657373,8.414554537471862,1.0618765544608246,1
7.542059999999999,2.49876,35.152909205140304,21.804671034837558,11.297084800104704,32.06868896816902,0.14368393000468144,10.865697059391332,18.872307757447444,4.6988043989524515,26.103375924732227,5.862221840650064,0.19396756403753795,3.799607234081445,11.18753300469547,0.09748807869485503,18.623842734183363,2.900899784636534,11.023325485790018,4.639549394837774,29.17276833090932,18.22810816538745,35.9240131383923,18.16528357049059,-1
10.4142,5.16202,91.07747634898806,39.42670967912421,45.02292092078124,26.620224888569087,44.618823786767464,21.510264727667913,7.084075233415104,15.130567448417773,1.73097631970272,6.143246250354248,1.6080546078164466,4.725653465145272,2.504613737180712,0.25738307562734697,2.288956084937117,1.670016485102045,8.318483486381401,12.939482526479317,5.138828482220313,36.15409638779326,24.074934029862355,30.068086081914153,-1
7.59268,-0.2576,31.16088923945243,6.185697883071266,18.04526584345342,8.305824942351588,27.540398310861757,4.425260441137859,6.353276438662731,0.32684650189695336,15.497393023006145,16.486487548904634,2.7170632177701664,4.76516705835078,1.7711788189710986,4.390028003848711,9.649220485953483,17.022860682226398,2.668193958848685,10.361511991143404,5.881768148567752,28.686128631310076,10.982906535777335,9.1636055660506,-1
6.83848,0.63568,40.20201993757735,22.59158168730822,13.857298161085632,31.691497897871677,0.5751591721985565,9.967163968673736,15.947732861961438,2.17712187895909,19.203027251970425,14.08399649636791,0.03988627360664755,6.497222662080434,4.474877859631067,0.7862006652696808,10.61153514402642,10.498583044661157,4.610307364244162,0.961830038940593,15.998368667455422,2.5131518812480613,31.327580998807957,13.71988607861707,-1
9.1508,-1.88046,0.2049999999999983,34.3759,51.3015,27.287,70.4429,58.049,62.944599999999994,81.8433,70.81179999999999,95.0369,78.26740000000001,90.3698,80.8949,83.49629999999999,72.24539999999999,94.4516,80.2784,80.91,66.3134,77.12989999999999,36.77929999999999,58.5764,-1
9.43004,-1.39572,2.558182101316248,0.9665356687853409,3.642082899354973,1.9998042434474095,11.55169758757931,12.212976951785746,19.35238087601997,8.447230159569008,41.2630689384475,20.98350470427904,33.04001342044914,90.84598999536644,41.135415362422144,47.69752269025951,30.226386795640575,41.92949981864563,21.227884442070476,9.336222093318868,12.855088972052544,1.9658121815299463,11.863809424479639,0.03138689202178511,1
10.45938,-1.74112,12.953922841305065,1.9934256561544672,15.262586512029117,11.516921953499546,25.241605705220874,2.275269069580698,4.17447594925508,9.7934075614507,12.050382618948236,14.22688207963662,3.4232516203473016,2.135955974450025,0.40318434105444867,1.726840989026341,11.40441268426494,15.24846308121727,9.498280283065487,11.690661136599983,4.1198269241632755,30.5631088344789,10.365519034738766,11.609144151443274,-1
9.32206,1.0294,2.883900000000004,43.1049,54.8331,34.68,71.0223,74.30430000000001,62.9172,74.0005,78.8987,105.08000000000001,98.3919,101.1738,88.59870000000001,96.7612,78.2255,103.38409999999999,75.4835,85.9878,58.527,80.91470000000001,34.6347,59.645300000000006,-1
9.60326,0.63066,2.3084936899953274,6.230876364559976,1.0334202069682452,12.48279356243944,1.0602554513220261,19.615184272533952,12.16876123567493,30.275472016859812,19.587388401276947,45.62250636908713,31.24960540452802,81.19590744278746,44.61060724153499,38.46114950016441,46.87624911669347,28.342649715934947,20.551871344919466,26.978918053276306,23.63090808262336,12.211764937891555,2.2059828101063923,0.5583198346448237,1
10.21068,2.06122,100.18058258538653,50.57739388140439,49.57771922794006,41.24518557018793,47.07044071791335,25.404840968886756,24.40664766865279,14.735241135922456,7.605183777446637,0.32999045474638966,6.643596697165695,0.07469596569576299,1.4644849936643611,6.045508017417344,6.841400485118063,0.15541454717620287,14.566857329328897,13.971754512968518,14.877027703674145,33.72860454113015,41.40780519332614,38.836711022827956,-1
10.44752,4.9570799999999995,88.86986645929235,41.84198000242603,46.66390116799531,29.26077548125541,49.8321085829076,21.751319748385047,6.855866223078232,15.681984667716828,2.2863604617033855,0.3754572365661826,2.5601658275930306,4.7983252753143715,3.24865368839405,1.3653360309131732,2.8294043422691377,1.5485052282671126,11.1953446830946,0.0836191657210256,6.766376194569674,35.25939082986867,23.227987235887703,29.954349350790473,-1
6.983140000000001,-0.36232000000000003,28.55303862129283,6.922279780520166,17.286821495587766,6.245640231299159,27.557126073385778,5.849165289210941,3.1248682069866613,13.860705267700013,17.512728782673573,18.835775094062726,0.024066306835097688,5.06240935892345,3.259395239181908,3.96112442560768,10.706951137869657,11.70408684296698,0.6578139690658323,19.975608548023718,5.829511710448596,27.879639015868538,11.62981482760589,9.237344895432809,-1
6.76746,-0.72428,39.52142037027824,9.817774045062512,20.298638495128095,3.1367748155371795,28.671007306334058,1.3873951809686118,6.654604168025984,16.53737206402742,15.116100616108621,14.55118230759241,0.3841526966007048,6.309251986413852,1.7672961615218366,3.1532049299014555,6.585003858381819,14.311984654299277,4.190445812962993,10.55493542953196,4.4991866644066505,29.587406649909113,8.575150630639019,12.647676392067952,1
8.107899999999999,-2.2370200000000002,74.60712902760261,33.644057528622106,39.773660671034044,20.302073095805714,42.20445249912173,18.9021788382821,7.227550755228473,18.362238351758563,3.7979093348151176,17.4061234092279,0.17636527679488995,4.5491798389410345,4.446751984766975,6.6665998742467965,3.212621911436654,18.26574671746886,7.438517303403837,14.108143786410583,5.643136010418317,38.188164715800944,13.802906244886202,28.56093562594128,1
5.44034,-5.74504,73.6464446828145,33.954368822061745,41.48750786195984,22.369051716088002,45.710065020618714,22.80641608889825,12.989748722057916,22.384211296222585,0.9556659318954029,34.711370183841254,10.087007205500317,1.1271116659419749,8.095887018770904,14.607083958512026,1.2529958366632101,19.75383043114791,12.78174759711941,22.148385507647046,2.07247282694838,40.176237325115224,11.542133108195967,30.143858547274807,-1
5.76012,-1.85654,19.039368014332315,3.231915577068821,15.317834881903895,5.127036826008084,27.548597858315784,7.483186545872064,5.370294136340528,19.694162896615204,0.6893946670021291,25.846263037400508,0.12753875746412982,1.4174193559674348,1.14542310658693,9.555320928942582,3.515016273630249,17.461912406880263,3.02242200939591,15.575662836719454,4.87804058717614,29.885834170444074,4.073429473839485,10.302237606847456,-1
5.00978,1.2673400000000001,1.1757506006392076,5.960933426519272,6.748623419219532,18.831549842376717,17.769560795250257,0.7421711792545569,0.3597009500342655,12.628970657312479,20.598093392515075,18.78020606577557,3.070657266219949,5.58189174944614,7.298085783367105,7.496888387862306,19.80125101279591,8.80683294580235,12.178851287113854,18.968616239711977,1.098458217930592,18.915220918689222,19.185114567821923,5.622871669463194,-1
10.4737,-5.46498,92.29790646517093,51.415670796642054,44.12509152711708,47.09754951539938,30.99405765076552,22.91003641372179,33.05495358249739,9.578972689689238,2.32414475986496,0.6176729599336722,4.24208609829256,4.750567608753059,0.23312005327484467,1.370105137257096,1.9453687534422268,0.21903841204951383,3.636964982577332,9.688854087046266,12.07537417391635,25.782498959089747,35.57710766586717,30.27650990189851,-1
8.994499999999999,1.24204,76.06530013891461,38.82894985365908,32.009960707859676,38.59445135474937,23.59257661427462,16.835171297305834,11.336720185793508,5.673412534785114,6.486444324025539,5.9219719289288895,0.7513367618742404,3.6039028594025524,4.827684185545749,2.5491013350471756,6.69382258120332,7.795402827511625,6.155120173879879,3.623664069566941,15.613303718552363,15.19733825989562,39.31554775724096,29.13498465619745,1
8.16864,1.77638,65.07957803739276,34.31086885021323,26.241326156650143,38.42094881166143,16.959036651368702,12.475034377064192,11.518894920512079,3.0472653571479866,12.738339359499236,5.02362143355273,0.2004629921209103,3.8951528766655144,4.855197605989677,3.2276271736134556,14.373303651069874,1.6256374752089604,1.8851660317966776,4.001466241785434,11.216893196383271,8.032375384382275,37.28616670350603,25.163719329823014,-1
10.2297,-0.19698,0.6519035909140408,5.574729939285998,2.7228353212181453,11.952569408613074,2.4368884806552797,0.14694553974079894,3.81949603905268,11.772621321481557,10.574779557315164,38.74089474946273,25.203464736349915,65.23091353353432,35.954160671109875,27.715043002022494,40.13485578939748,16.84510280730845,14.248232345545064,12.54094837264691,3.6846927317920497,12.27072216872227,5.1984284360513175,1.5336388063549986,1
10.46856,6.00502,91.62987606437956,46.412688376325335,51.27354386832711,31.965696941917663,47.22756604799871,22.2801870965412,8.999190068429755,17.21210014575609,0.17816862103128595,0.5798180725421485,15.893624149556276,4.77582301579941,1.9925253664668665,0.06734581673275443,0.6850736659156051,0.30685082693009835,15.3882440953249,12.495211639889748,8.94829245348241,35.64689569703276,26.397591613397786,30.94006501266176,-1
10.17168,-0.41194,1.3445999999999998,49.370000000000005,62.807700000000004,46.266200000000005,82.1608,85.0729,86.09190000000001,101.3054,97.63640000000001,105.6582,101.46809999999999,108.3438,97.0214,102.7859,92.3657,111.5676,97.1274,106.6665,92.11680000000001,86.1819,46.793000000000006,64.0738,1
8.18942,2.8749,50.0534289551,32.7315987073327,19.537853309690362,36.787116613511806,6.409885715322009,13.389258607534682,18.224848746804653,3.372113646270392,26.42602885186612,6.250708426216517,0.027321466334966446,3.46737716437187,11.67919820370183,3.9143818184115324,22.48903838948095,1.0476775940547824,5.792891567705178,5.99229761987708,17.990110568380647,3.864137305354811,39.2358668187474,24.685836119965902,-1
7.25226,-0.28456000000000004,34.56071307903525,9.009616382396096,19.812500064904512,5.9930587237158806,28.38951883213462,0.302352897525176,6.953210655905671,11.274342644611117,15.91276739443473,15.601014981140114,2.1066744396144292,6.479960851023467,3.396114758032339,3.5285342061851668,10.557646826204952,14.934912116996474,1.6290310329038171,10.299388972660099,5.772308507003364,29.081833564781277,9.656763007462644,11.376308697526012,1
10.0036,-1.92588,84.88027641239866,36.19244327786363,45.041951294385115,24.7100588360963,41.92390669280713,13.084695090235892,4.223560445761586,15.632078328358103,0.32675390606229704,11.994936170759074,4.685353224330533,3.643516402621363,2.974525874633735,4.375047249261286,5.422397127245777,11.232458695846843,12.371365621222708,15.532114651101518,8.40384450485302,45.643818976630634,18.630602375232105,35.32015821690688,1
8.6657,-0.39826,41.41827723306164,11.553570142454634,22.144847240574247,1.3533771018189649,30.00191535651217,3.5150747031336502,6.276290970379387,0.019421774026970845,17.151501008598505,5.448417714695001,9.345951854207517,3.960587345979159,17.879909504899825,7.647357827702767,9.422559831744868,4.247606329869939,3.391335646357462,1.1112830815339922,15.111246857774454,32.41638614654539,3.9785003719018195,15.487776115114698,-1
8.6657,-0.39826,3.960587345979159,17.879909504899825,7.647357827702767,9.422559831744868,4.247606329869939,3.391335646357462,1.1112830815339922,15.111246857774454,32.41638614654539,3.9785003719018195,15.487776115114698,41.41827723306164,11.553570142454634,22.144847240574247,1.3533771018189649,30.00191535651217,3.5150747031336502,6.276290970379387,0.019421774026970845,17.151501008598505,5.448417714695001,9.345951854207517,1
9.825520000000001,1.4130800000000001,2.246000000000002,50.6734,60.1817,49.6311,80.8322,86.862,85.30090000000001,107.92699999999999,92.0446,106.5093,100.8584,107.10159999999999,97.6688,102.648,92.7399,106.3896,100.8149,105.77969999999999,94.9688,86.69069999999999,46.8037,62.4104,-1
9.715219999999999,-4.46642,95.78352127155395,52.03780417511834,46.51431406697078,45.807084916717805,34.56562393516414,23.34873437990229,36.80963528892025,27.347647433446998,24.91353951941325,18.09673968802373,1.1148093374683758,3.815217475114061,1.428829204960368,1.4025525743756484,0.9273666159214209,0.3483443164657709,10.458327584705964,21.679963059770042,18.016879284460643,28.58036876514923,34.27272930760758,33.353783316359696,-1
10.4342,-6.21984,93.25355010660033,49.555067827234,45.44587450373691,46.16273775399849,31.332387389947673,23.05072205139129,17.503598432555282,9.532867224139208,0.30060035282147973,0.4996874190066067,4.49880486869749,4.791106040990986,0.35541130930104714,2.0179557552058527,0.1439656958244778,0.20803676255745993,9.399107393734235,9.01028126285688,5.637048708856781,27.047730112222744,35.54757352432437,30.900044611238506,-1
9.57312,1.41676,0.4172000000000011,48.4558,57.9483,46.4738,76.30590000000001,79.6266,85.082,97.2363,84.57759999999999,110.9263,104.44720000000001,104.4892,99.0329,103.9002,85.3571,111.6751,90.9075,100.9807,85.8545,84.9259,44.1973,61.1916,-1
9.79712,0.87378,1.0892447281387285,2.209669173194099,0.40360236980353364,8.541870067381318,1.7298820692069956,10.758790308927614,8.47540002471846,11.647787633692447,25.639512332825955,40.59877898852387,34.83638529885353,92.62932907476967,46.57158308269827,44.82030067211697,42.18298179288781,34.701752428153135,21.943229506929658,12.405564253475577,10.960440975714517,8.96454257052182,0.9533572715225639,0.009843826175176118,1
5.55162,-2.17744,39.42520693626481,11.662790503232136,22.896787684374303,0.47197873059213075,32.396479631848045,19.017532084516606,15.882760385948318,20.61204718225832,0.4131207426667746,25.344469633219152,2.278538829466628,1.2019798869493723,1.0068133735255762,8.432459737960631,7.411188842253866,16.80514436264691,3.5629097890900856,19.8634897320642,2.406673708013618,33.559548549091915,8.665377623152889,16.098763663401847,-1
10.36294,6.10436,93.86371007907475,45.93572638335252,51.69468612183924,32.0356559923803,47.55506940536283,23.77283091810207,12.181742527085884,22.717024256074453,0.7675194979488488,1.354691971392836,4.452514358073583,3.9321390254704194,0.9102392296984847,0.351970944536765,0.11856475891307534,1.48086285279125,3.689829098325205,12.404624738337032,16.913325707084155,35.835869130314364,27.19765865589425,31.414018361622084,-1
9.83848,1.98414,81.6162116124676,47.947730356216944,40.70796545503339,52.849758784170966,27.110997347985872,24.302794042385717,26.346464857001138,13.830529890277807,20.250680069556616,0.29149940565908705,16.979775797633916,4.392875900087571,22.634460757095717,7.610300201952503,21.43453066751002,6.424264032627452,27.388277925961184,13.407167809267142,21.766708763387946,18.8781243031032,45.255044120145925,33.74681171003917,1
