7.29468,-0.4509,29.813980915415403,4.732556591825948,17.03985108094739,9.998257348536852,27.017359673023925,3.5528447074655967,6.061631711987058,10.327146904408748,15.958326346214683,14.26754416884652,0.38418149040978194,2.9343655105818867,0.9689820768332623,4.049722727491431,13.335083791033663,8.996751700625156,4.019792810749085,7.479070643938623,7.356201801448111,35.63001936739466,10.62733324093902,6.887867154657874,-1
9.70488,1.4294,0.34499999999999886,45.5611,60.9457,44.3116,75.1151,84.4055,80.6872,101.2305,87.5526,102.0791,98.2296,103.5535,103.1679,99.6069,105.5266,93.8338,99.4127,87.1269,96.63900000000001,97.4516,56.3472,81.2261,-1
10.20904,-4.07876,88.80247917460613,48.90504812752908,40.0755434824925,48.60859458679656,27.4189700728967,21.33618631457212,14.675644881399117,5.777559647880198,0.15511582135847113,3.557145733257643,2.0252125535262016,4.7283801914493315,3.5315050934368686,0.5262077101929893,3.628620419341775,1.6735946899745187,0.42135499157071915,4.200879252465089,4.516650772326913,18.395272715974304,32.51184959138756,18.192876709104738,-1
5.65368,-2.7788,64.41227177546965,24.658831318445237,32.70461093449377,11.758689920303883,36.57327408016114,14.960634985507056,7.065586103813185,20.086307672699615,7.017405672661783,22.782547777318314,0.011516682130673596,8.130485077335845,5.096917504855707,1.02159331067893,12.090455688978933,4.99159918818579,2.9453874884474485,12.85231041928402,1.0892449819199763,45.535112068470575,6.236804435226234,20.420101568749686,-1
9.673,0.76342,5.225499999999997,40.0209,52.3947,30.192800000000002,70.381,65.8507,74.8481,88.189,83.37020000000001,96.1519,86.2906,97.3849,98.1148,86.4488,99.851,86.1658,87.42660000000001,90.4777,82.43790000000001,91.5411,40.246700000000004,68.5322,-1
10.01972,0.86148,5.729777093780823,1.8838751213967722,14.204979507801923,2.3792968199084616,15.695162919217072,10.573391642272727,1.3961831957283533,12.84261809571398,28.216010957413054,23.472559571307052,4.092400212376164,21.79932127421607,2.237383677578503,12.748972289960186,11.853448821721665,23.63748499432043,2.146466315423028,7.981655826430453,2.671845375055921,15.6558906680982,0.08716463351142884,7.039466741290744,1
8.01418,-0.9391,4.923468484243401,0.5789403853885193,0.1416418016645602,6.872215604404373,5.5953906351988465,1.2867755403741843,7.580313939024828,7.163531802371262,38.21146097471454,14.135183147679289,11.628170582112235,55.52853978221912,20.54950095123325,30.229697767396164,6.787038026308517,35.07604349386976,11.754058629242047,1.9065355522832514,0.0015685760987613267,11.86088576378835,8.323440437009529,0.7436389952483634,1
10.28584,-1.52798,2.4091999999999985,38.5417,57.0398,35.400800000000004,78.15899999999999,78.9068,86.0274,91.7099,90.28370000000001,101.3284,94.2731,99.88220000000001,98.3113,94.861,103.8141,95.5701,93.2836,95.8082,89.1821,93.8159,68.4469,75.61,1
9.17216,-0.03206,50.11790143320714,21.036227574502732,30.90797653451351,5.641321031974531,39.27908927391145,15.376784718361193,16.809074233952586,31.246960485482333,7.902282193901857,34.44072360768583,0.05116236268647296,2.7596602643885015,1.3539983890864362,0.9437020661640722,6.1561739542415275,2.1523641414911308,1.1199936606354068,22.723917048469428,8.25022718747209,54.3356218659914,4.573191303017888,27.23879328884357,1
7.6301000000000005,1.9793800000000001,63.25589595069647,34.95256703441546,25.166730908165718,38.201254546676175,11.640734050515004,2.5221873037666938,14.463724061340002,3.4346622074341826,18.976325052941323,6.271504241893793,0.22668641390121372,4.726830680713286,1.102440597174428,6.479459392071358,1.2980141862740509,13.02125324051746,3.409801016834352,2.5438804967970166,12.378528287454218,0.3864810933027109,46.110326763353385,21.37189026475884,1
10.18532,-2.49666,101.04234536104497,51.323506108774815,53.9149134155554,42.82565370205564,46.291624105125514,34.93469508976753,13.389591312932998,27.109658654874465,0.24371238619757038,9.580261826778019,6.939441138190754,0.9828137977923063,4.660639429857082,0.7045024237357557,8.81530197778289,0.2359432311816431,7.394758099102779,18.781920299084167,18.19250556316622,41.106875383316215,26.649505169828696,19.7732809770959,-1
10.34524,1.611,100.02371738701918,49.899711647171614,52.29808335112261,38.43940301524374,53.20943885744122,26.40654674756318,20.511859277769126,26.34856876669991,4.73183864997663,7.135374563384644,1.5123480241955165,0.2592294577129574,1.8219984560189098,0.739141962146605,2.8862413091726267,3.7904957189472914,5.291466244797055,11.099458238220159,18.41339616979599,41.89022255929291,25.884874305090285,26.895680674856482,-1
9.42504,1.29832,75.49022022076525,39.10511842257649,30.449569689796498,38.44061028776163,21.142248946843974,17.015446331802252,16.20798165752803,4.654232100858668,10.643374193496983,8.096536684528228,0.006680019235677101,2.862800490718073,5.435286031213625,2.095051737095975,7.361465726570139,8.844528984830317,2.233500212819896,6.268471397700641,11.416370522248398,4.919403156052468,42.7473674007352,17.626935614702724,1
8.358740000000001,1.12648,69.93394469911037,35.30269967573129,31.319023764623658,41.65782446147993,17.52546571203822,15.795222839248583,13.28116752904608,5.186837382738702,16.98301571648591,3.4259690643909093,0.6286010879067591,4.213974909474721,4.865484024001599,2.205775168768161,0.4485985904213527,8.87524517682958,3.2852555249971607,1.4322014425077483,10.122391270570786,4.736211140261872,45.70613197389097,21.997137471568166,-1
7.809099999999999,-1.86156,66.60160609092873,26.236446514280292,35.56320514826419,14.762356616827962,37.80146928113632,17.931198493355318,7.408642201797857,16.512482289203415,4.663011398369905,17.23344896041863,0.2736358123844897,3.8727312479806324,4.499523709389049,0.582767211874624,9.80553042821978,2.4197237705823857,2.6011926549492514,9.827787449467058,3.62675402029214,42.41706084608055,0.42249118945325487,19.207046988081192,-1
-0.15689999999999998,0.025779999999999997,7.7620907622615025,3.24056508077529,6.736991639604218,13.074886208844996,15.105111369767817,0.4664101492665957,7.129387784265064,6.684103359481887,19.73444384627039,22.592926682604432,0.2134598820567574,8.156349316505448,1.8267499858155796,7.030182981729547,12.079951605993601,16.94678577966208,1.7987377521630645,6.566988625331153,9.959369717477477,12.080564975124629,12.251644264493713,7.3904783411624715,-1
8.608360000000001,0.41845999999999994,5.022599999999997,42.4024,55.3463,42.9411,71.7182,76.02170000000001,87.0325,91.54429999999999,81.4572,107.8854,92.483,96.565,107.0351,89.9289,106.43960000000001,82.8433,102.7944,95.6147,81.9299,91.2542,35.0343,69.97409999999999,-1
10.41058,-1.35236,101.73740000000001,101.4853,98.6761,104.8349,99.3538,95.36930000000001,98.27,92.6895,96.93979999999999,69.3011,75.525,6.784399999999998,40.121,57.183800000000005,36.7883,78.2359,80.1339,88.4214,93.0077,92.27250000000001,102.6199,95.27600000000001,1
10.45794,2.38314,99.70702541245636,47.453200900038375,54.34039166349069,36.29083313667109,47.267395646485305,26.96993031440131,10.848489029990366,16.144354712982636,4.716913191910628,5.302441421567736,6.8441781625591736,0.04096337540136978,0.048486545813569905,3.2491988694045246,2.9380054167417615,3.744584846775468,7.807544635685349,11.534858087637579,14.421494057147394,20.825810342190806,32.7124683472065,29.268730376778116,1
10.55846,0.82596,3.8207999999999984,53.4007,66.0481,51.5228,85.2279,92.8809,90.15899999999999,115.32509999999999,97.2425,110.3735,102.7447,108.2903,108.2563,104.2812,105.7784,97.1933,105.3631,106.27590000000001,97.472,109.1602,60.430099999999996,82.975,-1
9.217319999999999,-0.7402599999999999,29.567577173008825,13.251641310501116,24.998332271070865,2.4399366693025173,34.91021975263339,12.569351158893404,4.620624240930203,20.48613966638486,0.491466672732094,18.26323806479724,7.533460063610567,1.9121830282964567,10.194239144049666,4.417253267756666,11.874996624984702,0.926330447657358,10.260908182819309,18.00131814419129,4.3209169240066165,38.27436156878226,13.988513387103485,11.40303504680455,-1
7.948659999999999,0.8884000000000001,12.767284691846427,0.7879021447907516,14.158539652584711,13.658114053276817,25.094226061711296,8.030119297917274,0.22009811435981133,11.860731137703965,14.361039049495307,15.519636699072406,7.518252218041396,4.140946919587603,5.386808136626982,1.8530512250403095,15.60751706579796,13.190707098248325,5.519748588381964,10.991189141174301,0.30443399810357114,27.277358624904654,23.01185448625224,5.636643658228428,-1
9.66342,1.26562,88.95411530433861,44.60912657166679,39.636032158507156,41.90626959171187,32.54923871828039,18.373298042054678,10.833511565481741,7.791186521468892,7.753887749501094,6.150188463579025,0.1866235576378739,1.665251402501001,6.656266241060989,2.3120120661484163,7.212072843510288,7.155069054036107,1.4249817185953773,3.3517277419553877,9.757045371296297,13.16176559568432,39.0943144575657,28.70117372641601,1
8.598659999999999,0.85294,60.01005525941079,30.508927132517524,21.550764883251105,36.45051215126856,10.39973582700174,11.906400229104255,14.642255607069051,0.05467362933511462,6.035190819499954,10.31761018725258,0.43590971425480807,4.278279276878513,1.03547166692105,0.4264525374924573,8.559060792964042,5.021334771265012,7.326712765414087,1.5714441862594861,5.654383745017847,2.4274131795113307,38.737366828867955,14.39408936957234,-1
8.6318,-1.72316,20.47988883821023,9.670334779475485,2.8307120386114706,20.663726562955773,16.32448524996888,2.6871273589029654,1.304419395881386,12.888016381136032,0.46279926580858677,16.628086969369203,8.394082137339819,6.543013009425835,11.85420421719655,9.374665223354025,15.8435132876228,2.360506555788033,9.337300683100867,11.780145070508098,3.3367556443294375,24.091805519733533,23.54734597886102,2.8327880998243384,-1
8.6741,-0.63756,2.8550141293432234,0.5584057095569886,12.471788633669386,12.289286868325654,25.01393133131066,10.906483089403936,0.2927648510225981,20.373117302532915,0.4736578471844645,27.51938682830563,13.591984626137538,6.205762402519821,14.682377814163686,2.6425618132285367,15.735622784790955,1.221037546194579,11.383911916543553,18.882175431380876,1.621777608280391,31.72418400519391,20.199471061165955,7.494481849181291,-1
8.76592,-1.32846,78.31281912168218,36.899927250797276,41.2057430480593,24.208646281818776,43.44076491320446,17.767191309904888,8.27703018727129,26.953399455967936,2.264554845189463,14.39889624088984,0.5281465902719936,3.703057053854088,4.6490542311306395,2.3082717009281786,8.104334769378559,1.698791939485006,6.7598379532810595,9.151890441639617,10.324218975564493,54.21456846858851,10.807596563271707,32.28508469875653,1
7.66738,0.95114,53.158184153955816,27.398466339189916,18.529332626763402,35.649308762352504,5.013630372038535,12.085292894983104,11.402456878803086,1.0424852077572424,15.964944855949806,10.226360413890013,0.04167762361787072,5.701585724491953,0.10034435178807061,3.809264425894199,1.7245624179192593,11.124727918763396,0.33563898083980015,2.7622571170660675,10.398130272072596,2.52761111000247,43.73276307725009,16.612867689681774,1
10.2859,-2.84384,102.20939086780004,50.68658414245219,51.482970363022496,49.344469886353295,41.504397272867635,25.591122425992744,15.794797032371363,12.748961247735503,0.1376257388420278,7.479481459741955,7.485207434213288,0.8433320538465787,3.5846503276590314,2.4071218223598048,6.967379066976314,1.8088169160629186,2.650531573912121,10.789817587742842,22.351118005249315,38.656510359558716,28.765263365015777,18.382021893646268,-1
8.458540000000001,-1.55878,77.33234570340949,32.19193878950077,38.87856957364194,23.121488381375755,37.961411709881645,16.242187204555467,2.5713283051638047,14.787302717924884,8.837410314403131,9.226489586111573,0.48716726492187745,5.032796540630454,1.6741126472721084,6.783840689124762,4.383900835688762,8.511833369437866,2.6518943757455355,5.999231036088127,3.3901162129048514,42.3926970890769,12.863225471090656,21.5309668843745,1
9.10656,0.03382,54.48307915485303,28.629780955315553,19.792326266942915,37.048321286971934,9.172670161313912,27.93026367593948,17.257243275965088,9.650350420042317,14.623746893509994,7.177650993078337,0.2852813205279029,2.8973039023300053,0.9132004941574056,5.009997793660639,1.7563132039463227,5.654425039617975,22.03397479910825,12.451303976023285,36.11939181228449,7.061866373719906,53.55442377213696,17.028250472863196,1
8.8705,-0.045340000000000005,43.89395492377353,21.25611350159638,12.07836884180282,26.87079202317165,3.9628596500411764,1.0237375601770822,0.03510292421758817,11.561868582828353,6.892620678157586,18.11125117931102,9.050690031832712,3.8830185773941253,12.697505691210404,2.215116961797522,20.527110317393408,3.685087999511726,9.463574029011836,12.028556121876408,6.158278035715352,15.708957285212843,33.47111856780152,2.8508841192343657,1
9.20274,0.95738,5.7682,37.5454,50.5099,28.2364,70.99940000000001,66.1076,72.0297,84.4,81.2739,94.25380000000001,85.2723,95.6906,94.174,89.81559999999999,94.7105,84.1413,85.476,80.1049,48.6697,79.8724,25.239399999999996,66.033,-1
8.63562,0.75636,67.11405943837065,33.53198190792441,29.888308091447488,39.28377563136255,16.48168846930654,15.168121619930874,16.374054617688728,4.81950303046958,14.62206570360683,5.351701608057499,0.22483061274159938,4.045503544351705,0.8333384728097796,4.160072345268944,1.9312870528696913,7.022893582765787,5.5189345064609885,1.08232271311451,8.113077008699639,2.1335824425307504,44.28442233453855,19.602350474615427,1
5.50948,-2.30614,46.58154700708267,16.588901587989525,25.607650583021,3.981816103336531,35.82018621564522,13.456188564009365,2.609416181021522,20.48126957099772,0.6244573345573545,27.2420861236657,3.3797778236615947,1.9570111164348971,6.894332374510581,0.5884448079039099,16.97639055840535,6.278407346203764,3.167041659338506,29.369172328619538,17.551333353672163,47.26213448339911,3.43307569874937,18.715224537329707,-1
8.14092,-1.34862,68.02779795930566,27.786731666716967,36.20118059505021,15.278135781586636,41.29065077288058,15.496064168243372,12.912993251853685,37.55434713959862,2.9782879163690272,17.189397879146547,0.07568422902219464,4.338408779341961,2.2072414083518352,0.517682352603049,8.271715980928507,0.2529719990901621,11.178719354366688,31.75754730392711,16.265908889451957,54.454135804925436,4.302683971173552,26.603432721072743,-1
8.160779999999999,0.64706,56.51631239103655,28.035938221192236,20.074440204365118,33.71752383703442,3.6170174879895125,10.91967486202975,3.409876902155398,7.91878026033136,9.017412285442589,12.861182762389193,0.03223880024652548,5.194237414025076,1.5750253455771968,1.6534683079741275,9.417916683892294,5.589263613429716,1.340964809173965,4.81647083396222,8.43456436771819,5.541949316821396,38.792239461534784,9.304498593984155,1
10.10642,1.1756,99.49580052808501,49.027617743217014,49.33774697294588,41.10845951660743,39.758664921408396,16.593419337965734,12.779694207444457,0.8290781807856888,3.512040937009731,0.5850455279088573,2.8208149848046773,1.4157334024647872,0.8356425361704891,0.0908638374734298,2.333320818732365,1.6435015496508298,0.5366392773755668,1.5460813562694604,2.57762790342231,12.58934217786402,25.981823333397788,22.180267359175385,-1
6.1619,0.69624,25.502284149001866,4.903025263578374,16.65115696080378,10.672751190714411,25.54217040808426,8.191049846077075,4.0160498260107875,18.998590787108803,21.39592904213873,22.88060944549783,0.17048615429339758,9.259652590460687,2.6663655138727367,0.36766903009163315,8.227535626262336,14.323188656379411,3.053525144462922,16.872557121098126,1.2476585579930979,32.63900163150205,19.183509386613153,5.844297583460756,-1
9.9422,1.26016,0.30689999999999884,46.5856,60.7081,47.7095,78.6877,82.6506,88.48429999999999,98.6308,94.22030000000001,113.0731,103.032,104.8329,109.11619999999999,96.6275,113.734,94.8529,107.4504,102.4058,92.5564,98.7414,47.342,88.2887,-1
9.08132,1.23862,83.04892431642038,41.37588104768496,40.57015270059501,43.40894185173131,28.01344000394756,20.40288824258725,12.496133502910014,7.344417381951998,13.26776842916996,2.3319990256662346,0.18514364562312313,3.0225283750990948,0.7138301944245365,3.2105757464999933,4.100937406490818,5.456464216022153,2.893399787832109,3.693079878199716,8.317999401736248,12.568833569163122,42.708043605249514,24.17305618176469,1
9.90738,-0.8150000000000001,5.618868338515428,12.557935445619806,4.935604659451925,16.504663546978797,1.499992397340895,8.038876769267244,9.52001354741476,0.9799798969758421,9.077022657897169,35.64127943711617,6.197166777736717,54.59858754034182,25.10149445484719,16.217398541020263,31.363719845966465,3.3559815516257743,6.22153593962032,6.3247486546796265,2.5570493946630943,0.006199235801172648,13.480394474568422,5.375769592887981,1
6.15314,2.3109,46.054347634652544,27.71235753841131,15.127200280053568,38.69730655681132,4.4747105679734,21.559074527678472,35.49976274524221,13.625294237430184,32.05681354546577,0.99609305240226,0.6801887126599875,1.1827039079290356,0.12041975435714937,6.785906599094325,3.144657003002366,15.822734586297134,23.55857343554765,13.642121085996926,25.701332170447785,3.9148397441101674,54.28306456114882,18.75861397835352,-1
9.95472,1.7338200000000001,97.34606973993027,49.47274952212439,47.26825035069375,43.3873757203306,40.89147525054246,25.260705570131588,12.807900811331185,12.952302169115757,7.3547607500847025,1.6730802417642165,0.5274896159606415,1.2549180444782493,1.278315675409293,1.7396465037301476,2.4468069195874618,8.463332319084357,0.6628965857221848,5.362044181873559,12.737948711165863,25.107422515691574,41.40628155352773,21.718946240847103,-1
9.78002,-1.18696,76.23353944277073,32.759496073864305,39.853471066531554,23.017862065286796,40.41161251062107,16.809735667390306,12.287993545145405,23.242487844434777,6.748297264388576,8.144585116286715,0.1013992096652278,2.137630297335406,2.919745399861617,3.471633493750466,7.737011172171335,3.9024590567146844,1.66201282509169,17.673708780844287,2.572229392039869,42.0719581389371,7.75949714448857,28.89543355449726,1
9.531220000000001,-0.82996,20.311390643446828,12.501215547277733,0.5494306654437441,23.548204530590297,13.382879881369492,0.05868249388467352,4.4232760625574326,8.296058754839567,0.4841998254100007,15.770222603221537,7.191103588686645,5.248216235670021,11.400425535481748,2.4720086418894622,14.940334089100421,1.0566764340486494,8.2856830050121,14.178499510362885,0.8024265554262886,22.14288950427218,28.879092075617084,1.9413574324265843,1
8.063979999999999,4.49964,91.49791734218869,43.04736010654388,42.61223897960665,37.974796241680835,35.48014457060791,23.02269027982329,14.750607639071761,13.945711134597243,14.723263859832535,0.3969641502484311,6.068815934688645,6.235520929512241,1.4859279907076426,5.24450737619897,2.363711228332491,10.043546944529217,6.461613116019004,7.395186439178537,12.473951638074787,20.47312376047414,42.402148658524816,22.65366289374948,-1
5.65388,0.24803999999999998,9.014377699493524,8.991626217593986,2.865221059739217,22.39171898906142,14.63390843141977,3.635021568845437,11.973812133087314,9.749449302304724,23.017211673153987,21.77277637870809,0.7032606144223269,2.73473409555734,0.992493357056925,2.1681065397552923,11.563100700239431,12.294052783139165,0.8778550138752197,9.9512766319338,10.927296670708266,21.028223426117354,31.625453998504252,4.888464667319826,-1
9.8598,-0.33288,1.1891999999999996,43.5018,56.5162,41.4968,73.3418,79.1857,90.6464,92.07730000000001,91.6114,99.51240000000001,94.16149999999999,101.95570000000001,103.7298,99.648,104.41069999999999,96.592,100.75909999999999,105.6019,93.4522,102.68809999999999,64.383,75.0299,-1
10.38192,-0.53484,104.29390000000001,106.1654,101.7618,107.06989999999999,99.181,102.6865,108.1549,95.51740000000001,105.3231,67.1176,77.21979999999999,3.7997999999999976,46.112399999999994,59.126799999999996,44.1074,75.9524,81.0163,92.51599999999999,94.8818,93.76429999999999,102.49359999999999,96.7089,1
8.854479999999999,-1.58616,67.01857484909324,30.424884330613466,37.707084566856636,17.83979883249354,39.52582131616537,13.777739761968173,4.3235610641559905,12.738107161462679,6.5425323652621055,13.441755461025291,0.3724158625147704,4.004172404832088,3.348584215728124,0.566968026876964,8.292560690324422,5.45453093047386,0.36762698768396634,12.254002439283287,0.8014551553711871,45.0011630809356,1.3375543162562495,22.118425553246112,1
8.86556,-0.57042,15.00089447466008,4.556838808522706,16.383643931782633,9.496051719591785,28.793878668805355,8.932252729120348,4.037321630475481,17.46610470703131,0.4728866863452856,16.336873364786015,9.057070874483491,5.527583743307806,10.273251164868181,1.1794624255616724,13.044752512877553,1.289524457464335,11.73155672291305,23.58281151535636,7.078918223375759,34.847565941043925,17.46644878681026,12.609058811912767,1
8.8439,-0.61296,66.20258552000506,29.519755745917468,34.731800346659,15.73356088994791,39.809153942492614,14.570944876106351,3.9225037516876733,13.10432480347686,5.6703789659731205,14.370688105192652,0.3121153212198762,3.346955495482362,3.5479869894658576,1.392357267139979,7.808499282446772,1.025719108447138,0.005364532082214359,24.700619220703974,1.8785882149382056,45.19293830133505,2.8800344609228885,20.29553497643493,1
10.26948,2.61506,101.70016259675818,50.826718885575076,50.54901670882946,41.540409742648514,48.15649170262953,25.559879786866688,14.021071580034569,16.716095364302685,8.80047129611277,0.05143004553921716,7.525485560268956,1.1525875244385804,1.9534659408371295,4.75458680537009,1.5265097924233126,7.969849443024934,3.5931214904685977,10.029490440804445,12.946052534227091,27.689275772634556,40.23352850478134,23.741944391021804,-1
9.06282,-1.6038000000000001,82.94168181683766,38.11574964085649,44.53940341524695,35.24756474269014,44.27484096260216,34.48195783207787,23.11493333826956,34.567675566146285,0.05846230211483368,21.967632155582137,27.48459234330669,2.9224359167363767,0.3194947125591338,1.4553733532847257,7.150633437795588,0.29603711285335466,18.413554798006427,34.034345469516566,18.269245889627847,68.32188185264133,23.92984068916052,37.460389342255596,1
10.46782,3.6915999999999998,79.14018365645254,34.8393981244766,43.040413105130234,20.747410087566788,45.69418630560751,19.191789256528704,3.6451720536112058,13.41579470310242,6.797690370715669,0.2983329610232797,1.6869872963592218,4.7297554194740785,0.608039533434458,4.754542271698575,1.7893205670469565,8.446804589308542,0.1207606294596641,4.034639577899899,2.240544662350035,30.739445078228442,10.322415602594843,15.252574201638236,-1
9.852360000000001,-2.86276,86.09799759351154,44.80976418762269,35.87858802227124,42.32378062644592,22.900236175748024,13.421893279840571,3.0028385725948277,4.674816928940319,0.2567884044758838,4.1731185961710295,0.9618986015150948,5.093362680541118,3.306260422563853,4.285370494944027,6.170404056281079,0.40859874016041703,0.09416296071096576,1.9314135291781607,0.7145208942291811,11.60570323533854,12.37410565999698,18.55020413302243,-1
8.40276,-1.0568,19.97262745535095,6.425468457986831,18.677357345585193,6.942131967122177,31.00478183080474,11.257310357698472,1.307018149339955,20.799097923519014,0.055733336721517736,17.662700700673373,12.550740180232644,4.630257900799302,11.293087004581691,4.813182380962456,16.18860123816838,0.6312741199555105,19.29349892552805,25.000658097797388,4.468617583817219,35.7119322001915,16.097881758487823,16.641937201311432,1
9.492659999999999,0.50282,4.97561744377292,2.0250641704827537,1.788333300151628,4.6884936858451995,4.378204793701869,1.0942105526807178,0.22630553715014962,4.173398398145021,3.276650387626341,33.91238463195758,16.86497739533283,84.00441514353685,40.656380891202765,34.65869565527023,38.006950784542404,24.67538539287137,8.84296828996871,10.832372849204958,8.33679307688708,5.949487344215834,4.706320014842875,0.6026182970105821,1
10.27374,-2.60942,101.64200282533321,53.24504138093033,55.141955777686015,43.66805242597785,42.35335210684846,26.320820624880543,15.325436709206324,13.724582293625652,0.1801084036740711,8.5527669644571,7.745644771964662,1.057373104482951,4.037263989128306,0.5903041726372444,7.99075270356014,0.0827481287271596,7.502010713467582,10.54253069670193,9.386071993874964,34.423819063241666,30.73800789762897,29.75679899302346,-1
10.44924,-2.58492,101.50884234299457,53.8546752954303,50.08524161665682,51.16860529024881,41.3140785294921,26.39251402149619,16.195189112504295,12.94739435147666,0.6839573737832866,6.380758487266239,7.101120078091638,1.1993537416149014,2.963660307619128,1.0148551341270302,4.773365697336052,2.22984691096555,5.906663947467591,11.332479184518366,8.343747814890396,32.63619172710572,31.165774206148942,19.08993520647754,-1
8.22614,2.4136800000000003,80.5826587631829,40.59721444281159,35.70698860928159,43.963031511088474,26.013989244587407,20.071117874645008,16.689881466248632,12.858109447532518,18.800208109334573,0.42265257404160833,0.11936446942847213,3.786157306485541,2.4356639355133956,5.052808266244793,1.127816870569493,11.533037458780589,2.22580619505826,15.859053030015552,16.614346818425133,19.653100227641882,48.19856010125863,27.185593639047344,1
8.8758,0.30424,16.51792668237807,0.5745474662533315,10.23820189210884,15.273822819335068,22.958565925353962,0.21779703828301694,16.685324743749934,0.5106525468933203,19.670210768523148,6.936907072245766,11.327564618628271,3.615650693056797,1.5483572368893304,12.451031709250639,2.241957247753095,19.215089592780167,9.940695673282727,0.9562560994760683,15.92058368607968,29.02745952845109,24.401181968091667,1.3652807370193083,-1
9.41952,-0.8986599999999999,18.513056407039485,13.118335419899557,0.47049836401995515,19.371708751609326,14.833593145449203,3.3886173701635265,0.5312334009071386,11.93079896453937,0.19960140781895153,18.872885422310095,9.490362070475527,7.065216383495045,15.94840712689507,4.292638389475475,17.048601178792744,1.386649209869167,14.622078872177177,13.589046395705266,7.119056396830606,22.56926783449475,26.562652718210824,0.7486091799481852,1
8.006499999999999,1.52014,69.28683048479398,36.64262905633881,28.924970484151167,38.45681066274614,18.712341245636214,25.574455019474456,32.53839659417947,6.823863197021421,16.674951487268043,6.26237645190108,0.2655620907159884,5.57347921676407,1.5153270330833883,1.9986138181032989,1.7330664579731414,10.762926113335606,15.8546198425253,15.109612416719512,17.698076356612965,6.100794820444204,45.202941802313894,30.498358258451955,1
9.4,1.832,2.3057000000000016,49.3075,59.6667,49.091300000000004,73.1933,85.154,88.613,98.41489999999999,87.2773,116.2985,94.6687,104.7341,111.64099999999999,97.60929999999999,114.8107,87.4879,111.7007,102.7565,90.7145,96.1798,40.7555,89.0935,-1
7.17312,-0.43996,29.698448379481498,6.3099803989223,17.661167956300247,7.487684825731149,28.187098242481543,4.39735709101218,10.209154754948031,0.10566429360218281,16.194887754916603,13.85485297925433,0.24228746211972166,5.0598883524470635,1.3646085502293896,7.122132535602273,8.316986282813476,10.424016379559841,3.8152270378397395,7.181480123977958,10.012458174760582,35.192700360223554,21.550351672023403,4.7587073924337755,-1
8.25676,0.68254,56.8695662513493,31.826793321859235,21.166835311056847,37.36791358649502,6.73934781599058,12.130916700478739,8.4531303614192,2.1990513501101034,14.75839499629914,9.475482823724455,0.1664496719628418,5.204003799524423,1.3860002119752375,5.5060989039700505,3.1073324563180957,10.061021219847001,0.8019238919511198,2.1412522986794382,10.908284143287863,0.7222861947887769,40.677570242477294,17.855228638946045,1
9.49786,-0.49444,34.93013198595855,20.49025142709808,7.759884553323004,24.716978329114692,7.0850373585209265,1.716050151538235,5.02418336836854,8.994713808756504,0.4553368577693776,16.237392344573617,8.454407455790301,5.298576548844712,14.778261649871613,2.3928280747745676,19.068628888940808,1.0384929551390616,8.151454189055789,11.163583822856772,0.31788810698819364,16.95816455214938,31.150161235642116,3.873661771071249,1
9.94166,1.94082,92.02482325866552,48.37708797108017,42.885333707164996,43.63517729189034,32.96228285583648,16.13163734408712,14.648454838062667,1.1698969926830913,7.596126607375079,1.3106545839375925,3.743682477357451,0.5005058823925603,0.09861355533089947,2.9310312115099224,0.6901914575975674,6.097547978199771,2.924281939342474,2.308339966144925,7.707230055493139,8.275137374009741,31.797922048090935,21.65583736326749,-1
4.36,-4.28176,55.881586526813756,21.385370278744897,31.72726898874574,10.051287029025113,38.00412822345543,17.2525330285519,6.035655583785074,19.786552659424228,6.799499617363446,31.786189088701327,0.13706674354588452,0.7290427202788222,9.403138746032889,2.5293337093332724,18.143082375211804,0.9150067831236014,6.722550373878607,31.369158450056673,1.2335769711349158,50.95664123462789,8.873254237441628,20.590407908075008,-1
9.4,1.832,0.3626000000000005,47.8523,63.1695,50.3858,74.03790000000001,84.5121,88.368,98.9339,84.4159,116.0984,95.8745,104.8977,113.7231,97.6965,115.548,88.0586,113.2834,102.1237,90.7278,94.527,37.137,82.6627,-1
9.11464,-2.0326,91.43455157581718,42.26294642866727,44.84117164536772,26.544903897906984,41.34118030035345,22.07927796096847,11.061697467301238,17.518207658620245,2.030825691595812,10.678424106983993,0.35281933641755353,2.8143757675138668,3.815941705241837,1.4425363436952547,10.289762863698702,0.8318720345657895,4.961437845435262,19.09427145823583,36.51950849933046,45.17245189136929,18.33870392903498,33.71051931930544,1
8.26198,-1.39408,70.64155277901531,27.435907683959798,36.876546368845204,16.420131591414805,37.596507594248735,12.703226499851173,0.6259559306482962,9.69011409792098,10.118095871213121,10.474855683363195,0.7233436806064217,4.572608806012783,2.7207785032888956,8.849822310778379,6.673378214531096,10.935139678542614,1.7367186576225577,6.176197734659265,2.869502697232638,40.86944711989806,3.6845950338422915,14.320291934412774,1
10.27834,-3.7653799999999995,84.878921513549,47.89343530876595,38.49145483542329,48.39101427465105,24.984525954776743,20.3076804193791,15.094072509793703,5.052146035419801,0.08256908589791925,4.339757023288212,2.209398143250554,4.910463149958384,3.554017257177223,0.44188121882197134,2.9735683272482465,0.8812484290592041,1.8779986404819495,4.98690908812541,6.672511256380319,16.683588998582422,34.40380872133326,15.554464368784426,-1
9.03924,0.00704,8.815500000000007,33.372499999999995,48.663599999999995,26.115,69.6406,63.155899999999995,51.619099999999996,74.2042,74.7989,92.575,80.7365,91.9846,93.28399999999999,77.5329,93.0911,76.1873,78.7807,73.4473,56.347699999999996,87.0941,28.438699999999997,53.0913,-1
9.256319999999999,-1.35182,72.13932031129677,31.80623556285878,38.91491060959348,19.370615853470063,42.456266519424965,16.812960017222583,5.9925381710267605,17.154376966111247,6.119889158248581,6.124142903574495,0.3837368460909015,1.6599048110563255,5.589135315630441,2.8241678207560104,5.6190770393402465,4.237937951280824,0.4018559755267682,13.877837338513247,6.45079106034078,40.81060957495963,7.871571604544997,22.55517031526062,-1
10.19752,1.1606,82.86778419702028,43.85375587812577,36.84576695888211,42.367800267654424,24.85381161251685,14.837172294228562,14.063959252976026,0.6353498989865242,7.315056075408783,0.3317640707061645,3.477853188672779,0.276017501729962,0.32400734481676235,2.2030213347802947,2.191707363978035,6.6721374966200635,2.4770829320431456,3.6058203813692384,6.539715310796805,4.992221763675235,33.26246605450409,17.691069590984874,-1
10.3226,0.05234,5.730699999999999,50.8397,64.9794,45.925200000000004,83.286,85.3269,84.18979999999999,101.90729999999999,99.8181,108.6337,100.79339999999999,104.2875,105.6815,104.1211,108.6405,99.6968,101.6099,109.4103,100.04740000000001,104.174,65.9932,81.0392,-1
9.071439999999999,-1.4291800000000001,6.588000000000001,32.7094,45.6154,24.2548,57.9763,58.7258,39.8297,57.5082,71.8055,93.0013,81.74369999999999,88.9082,83.0235,70.1553,93.1467,69.066,55.2791,62.0462,37.1556,88.6267,10.877199999999995,36.6015,-1
10.1754,1.54932,88.37806896858567,45.25733963679641,43.492556978510606,44.5852104669131,29.226137560830963,14.515274527696889,15.267540219572728,2.95141745531083,9.218189542867139,0.6098634515242437,4.329134618637512,0.9935420209265085,2.0206439565542405,3.92020310757272,1.1475596782252413,8.150545147182777,4.1190878726395255,5.4260721252918165,9.058379976384941,5.983466311134974,36.99181169018474,21.765073337649053,-1
10.24564,-1.8645800000000001,0.45810000000000173,38.7679,57.047200000000004,36.2714,77.8304,74.0997,80.1023,91.1312,79.9067,100.2459,90.30799999999999,93.58,98.78399999999999,97.1336,103.5579,93.5112,92.21950000000001,93.84270000000001,85.1507,94.8754,64.3973,75.4419,-1
9.4,-1.832,5.913199999999996,31.1622,46.839,20.4792,67.7684,60.248000000000005,41.3805,82.8243,78.3849,98.2273,72.6185,91.91810000000001,92.576,79.6349,97.9213,78.17349999999999,83.58670000000001,73.9433,75.9337,81.48599999999999,36.8438,67.3485,-1
10.36554,-2.23412,101.85357453186938,53.06116347677764,52.25395657749331,47.82258702451399,42.73973231978841,27.36733664367518,16.997306947231493,13.60611351027244,0.026637327016438665,6.879452838306791,7.962439217443092,1.129571820190842,3.6790744359502106,2.415007981545484,8.909650950000483,3.1820938965827184,2.107226755837446,12.738723167402338,7.407510362957304,39.95769570232796,28.74252814486134,25.699861147637673,-1
9.6485,-0.53478,34.25938880482459,19.52067745944517,6.712717563367925,26.33355900926155,6.794360721941184,3.2337365470101203,3.6198908241316765,13.105270021053435,0.8776719291843703,31.283644000944108,8.417423205587058,5.3030851926399825,13.48679508802146,1.5596411083643067,14.022216472212126,1.4425551857474548,6.2500995798604455,12.46332496893728,0.8726479801805475,17.273090267490858,32.01790610963604,4.415516881370312,1
7.97496,0.3319,55.90972639769203,18.72611425988113,28.195206142671783,4.526690993236196,34.39015467394768,13.68251584392124,0.3859348105424975,8.930094148716204,10.937105925447788,5.971575264028092,0.13954577195333576,7.619595688928836,2.3606146326055257,2.620447599017601,1.3779551594761188,7.446534599491838,1.2851160696078374,2.8125262896661645,0.257060626739871,34.039349093691904,6.800843072068009,12.527480904177708,-1
10.33182,2.2749800000000002,101.62411136054028,50.11894727361284,51.84154653911748,41.76968985078165,47.598702677629156,25.292839833854693,16.50157484822999,16.177027163237184,7.37991915475399,0.06633584346665315,7.275165350872468,0.6648710381759501,0.6392954688393826,3.165985542789115,1.1155394661200326,6.129016167660499,7.1865159306350215,5.634658269713247,10.300415381485825,29.35334942794667,37.34226436122858,27.344505226000724,-1
9.03454,0.27084,29.559826184620807,4.2539490806830935,16.368344924790375,8.68227162627823,25.981217743348815,0.2513481002275718,6.839113963287608,3.886853344199388,16.920281022778877,0.5878485321205594,7.288963173910874,6.962396481335636,1.3246213349219345,11.11600738008498,1.8227544862347511,11.443512161467803,10.962575297081,0.7159859100887404,11.318019673112023,30.951665714378258,16.302862069380332,0.474204160327422,-1
9.78696,0.55498,5.150371003304086,0.7067050097149589,9.804891599193137,0.9763647858394053,10.62233807265012,10.696003180768862,0.2711971681412111,10.526252079700747,31.66311351864956,15.170291871610795,1.4789250864048293,32.478394524115664,6.656597732494737,17.916833958825674,6.5600266969324394,28.372004700996396,1.5487418961591592,5.269152861499063,4.532628672986794,15.911841167799626,0.6316205265435366,5.924206314996006,1
8.359480000000001,-1.72224,75.23045009191861,33.57854225051012,40.46586997242171,21.268698993219132,43.662458890042096,19.722393735618883,14.551263310712539,28.193046012076884,0.9016925948251494,20.09311764899225,0.33249685089501846,3.7709760170140303,4.59979787862942,4.233401549489175,11.738769820617229,1.6027381941165446,9.205563714760173,21.105974980013194,27.619176770364096,50.97426671217372,12.562072976902808,26.51012247453472,1
10.43378,-1.68822,80.79066185654558,46.31146981588457,34.90022262419781,49.92766929417143,24.423458065584835,22.63814105678332,17.58331186464596,6.554365787914977,11.34612372937271,1.432143911192547,2.474453568852189,0.3136242172735157,2.221047417999043,5.284901302538571,3.1918234003324617,4.849290281660329,3.9339759719855922,5.5292052825980385,9.951009724944749,8.432863835908043,38.03746326895039,20.40228066747597,-1
5.1959,-1.3849,37.65362211635788,9.58428146364353,21.025794489886238,1.3273571650458689,32.538651538653625,17.649650555265683,2.51080523639534,27.816518103777078,2.5100344820802247,28.08560897613298,0.8472277287628625,3.8061612473579554,2.2093186557944224,1.037785912125056,13.43159241760842,8.9180758819028,4.764487745875619,12.68697902893994,6.276428130905018,41.0950772230021,8.494058880872625,17.669443439773968,-1
5.97832,2.2813600000000003,46.61375371712017,24.537150805511256,13.417255859834494,32.56455521823747,2.5606665439296967,9.848915604799586,16.061470848310847,2.9666453798401036,25.52143153339754,14.034887492386293,0.0949518011195905,3.011020407275544,2.853031128945265,5.656313967833757,8.369033592855917,12.930155100232108,1.3479497673551746,5.009665039401944,7.370999632252896,11.428763153529696,41.4522838799125,13.041570759455748,-1
10.26842,2.17096,99.95778594894402,53.49848598238835,49.800188535841194,46.42141580463406,44.88358062169154,25.487339795478466,24.039164486798708,17.313526200937655,15.402065030638994,24.857943775251126,0.379533201221246,1.129411270100126,0.5845682513077242,4.396987633186727,3.5987257347575374,8.851913143264166,10.333840181522897,17.88197951094731,18.386232211954184,25.543889406565963,44.27429223672759,28.442383326922993,-1
9.27486,-0.71584,24.37975736952142,12.15432183666527,1.4638421389146157,23.153585803723573,12.378742240029624,2.1205249555694023,2.653136189062183,15.472884560340301,0.588407403608354,17.450825055096335,8.272904520806437,4.245961768640683,15.637250291595908,2.6798179141614944,16.970924663845913,2.1910588554134316,12.494876327210473,11.152734340163148,2.7064581420898923,22.37956589308525,27.84403722331226,6.088408609971135,-1
8.76432,-0.80098,67.75624362729485,26.18936208422737,36.72565782876309,14.320911140021083,37.797473849592926,9.716795011237538,1.970257617673446,10.411346344892179,8.558360461957927,16.83328091834891,0.6700133146368167,3.5277034121704527,2.3859744018686433,5.175705340527417,8.803888394883026,8.103730961927623,6.0968699751155455,7.154706663207719,1.0477851205248425,41.404983999868016,3.128442624761888,20.039386709134813,1
8.70432,-1.11746,74.51949088404434,30.094645637273864,37.99444299621044,18.426141416028806,37.77712532284509,12.10957549263969,1.5571274077763824,10.163521342075004,4.139346684347556,7.320837347681816,0.1639265035373949,5.082652078751284,1.5628695335439438,2.131117831024416,2.6120381576464937,3.966732620099968,2.581873053640484,3.3995030682362954,1.536452851534318,37.365274609854666,6.681495831785041,13.980972838676152,1
8.53194,1.2951000000000001,71.63581622552383,34.55172818467237,26.981258000835282,36.91004776412919,16.66502180210643,13.57700068782535,14.663230362755666,2.6829007120889443,9.178298737572366,11.10725315836943,0.15829193625138727,4.7065717059368515,8.854153630380155,1.9140772455703188,9.81263018486615,5.998684140790464,4.0075200494948575,0.8862310944144655,5.3896989729207965,2.5350474449694413,38.99037316263854,16.25865417832313,-1
9.19708,0.55372,3.8614948578032604,7.967561067952887,1.7039052757372264,8.631033605389616,6.056172354658504,3.2951693404558395,0.06378765588639543,5.576607524758722,4.311175422492155,39.0187467063782,18.180866346634392,74.97693592613261,36.778825817220735,29.770907232573066,38.941118376163054,18.854742799624248,15.004457357998994,15.196237483021278,1.5000655155615374,8.772350272595089,10.172178148283377,0.4218862105594577,1
5.8945,0.8185600000000001,40.92750334431259,21.62097940031562,11.723687680249906,32.877882292004585,1.1822920115971947,10.427464794778414,16.156174988697895,0.8225900001992895,22.46940930764933,16.43744071933468,0.4125785128861181,8.909028029229045,0.8705834977054873,0.8909871235540308,9.52752109999513,10.74421715067842,0.5633471951801138,2.232000185046491,15.311138436778178,16.68858983367862,41.83603800753814,14.271473146385116,-1
10.28392,-1.28242,3.4427999999999983,45.6434,59.4022,39.8735,77.7688,83.8012,90.2951,94.3741,93.8066,102.2046,96.9187,100.41250000000001,103.3375,102.03890000000001,107.61770000000001,97.225,101.47319999999999,101.8327,94.2663,80.6498,70.4602,79.5584,-1
8.71276,-1.78036,88.18524287527677,39.920417433781985,42.10100402215625,31.767960391782854,36.75821182669738,16.164142006780306,5.028503923798014,7.651045567338798,9.497080773835782,4.489002306939114,1.4810743383571532,4.875525653004135,2.2304024099105937,8.220342838981837,3.1069374952264517,8.23562709161323,1.9613520239610553,5.283416509791896,3.2314091350706136,35.584945054517966,13.7727236207113,12.470244153144245,-1
9.76182,1.7198,94.05477233474805,48.9651621992856,45.8754170344052,41.17219979587737,38.02237045237764,21.103875466060494,12.49003476441705,22.724374060636197,8.668608246597255,3.6672592317410433,0.29213300592748254,1.5612571846064787,1.415554256836436,2.2522798425652555,0.950318821584904,7.665798799816072,2.6135096120489094,13.947071554183655,7.840482184967078,27.820842341412533,40.86035952672419,31.780399712360975,-1
10.13218,0.10895999999999999,99.68587910111158,47.54926468720049,46.30404755080584,41.826467895393414,39.054793782353144,17.460353415246164,13.416535028500775,4.447588650910858,2.6061286246223183,0.8070436197925688,2.290519920539467,2.134802356681171,5.32498476248193,1.2052004213107568,4.033609862497573,0.8604214681299595,1.7091318418718044,2.524796108869594,0.2040833092512358,13.985669160644893,21.481416863572893,20.95077291972348,-1
10.01914,-1.9087599999999998,67.00940717035138,31.03984594403389,21.683889321561644,37.536513150126396,8.888726614571757,14.598363534056965,7.038387841302918,2.2195362865150527,0.20400865743548766,6.180275338371588,0.237303001060752,2.237247093590072,8.176017863781352,4.0680488447571275,8.678200441904103,0.651024577759559,3.234398621113305,12.846899296101602,1.6426079237685602,3.6113512594185835,27.30069156776511,14.275032781022684,-1
8.88438,0.45952000000000004,32.637681620797196,25.58797677008608,12.17855135886989,36.39637527469422,0.4864052857797899,14.12125791913968,17.13936928248719,2.1878027341052437,12.853814596601785,0.16361341258749557,7.10482750360816,2.689613902856443,2.287672167779505,6.803521713254801,1.9530119907593768,11.089271283702857,9.835836238610815,4.376237389321865,10.185582142103556,12.829477401806713,20.591861187449076,13.526621261827104,-1
7.597060000000001,-4.09698,88.3979067210625,39.49112713279918,41.209924633258126,31.301143912512384,37.14469720139189,20.395975065470026,12.267331398550573,14.16388745274209,0.4282533666644918,15.446599562684352,4.466579399558327,7.5466424869455135,5.075014095415921,1.758116687427138,9.842265157450791,1.0507868579453223,4.20765825459201,12.4347456550623,3.0631431005640457,45.00166331358002,9.615444873332134,25.354809095341633,-1
8.739700000000001,1.35152,93.21261512343743,40.6821229774427,43.43892008754222,32.84690347676096,38.68659747282189,17.74038983543848,5.716511801976469,7.796398163521851,0.0018389691259378936,5.747245771701509,0.2592837008173117,7.541920539954805,6.067121188918564,3.8084245371324443,7.826507655753202,2.094830345187924,5.365533923286194,5.630111604214211,3.5153906627532057,22.078890041980177,26.680642173967907,10.318790489251146,-1
9.15594,-0.96064,19.454209913710166,11.430283231311137,0.4069700558501906,23.13699072991568,14.699580407478082,2.9891340209786614,1.311486116351375,11.975780805988313,0.6463790820396978,15.248768866369353,7.032122957962523,3.2541712347447325,14.212728906855883,1.5320876143250484,19.085241506178676,1.2050055683323704,13.308866401240417,12.88513838636912,1.0939937661877785,25.02928460241766,25.830251268153955,5.816820330453828,1
8.2807,0.71264,0.6369602771930704,4.122193064903828,4.339693839072448,18.042882205825403,16.534894996709365,0.37477558379099485,9.371813790961795,7.970461210182553,15.024565743627253,16.16475983185015,0.7813217622937428,2.0142109935596437,1.4756447647681885,0.5206980324690209,1.3758497505665772,9.549797786533391,1.701002049318699,6.4600572836232475,8.13955123132818,26.625086320071855,29.40530924234715,0.9242220659363154,-1
10.20318,-0.052700000000000004,2.3466000000000022,51.5067,63.293800000000005,44.755900000000004,80.6465,79.6856,87.5675,95.6248,97.8469,110.86690000000002,101.9286,103.3329,111.0463,97.74470000000001,111.1053,97.6344,109.742,104.1562,93.31280000000001,103.7915,46.3502,84.9306,1
7.35356,0.0054,29.489949119498903,18.598175222217026,5.955551887750197,25.98817126764543,7.901673874228523,0.42421105894582284,0.2564614689426239,11.813961263474814,9.179015245844576,18.40906330431839,8.84526743754108,6.779563412259853,10.704876711756576,2.489683638537765,14.32256602914463,4.626068769398837,5.5848905403762075,14.57549620821892,0.8189026864740858,14.43003372652207,32.53142592889635,5.035247235680844,1
9.408240000000001,2.51798,83.75979300953745,45.07363129442491,37.84321028524945,41.57049980314053,29.2222542552233,27.84590804619537,28.679363159516708,13.626234175232076,14.397156511496933,5.359202050618798,0.3714612742047009,0.6021552790636316,0.9910271775834754,6.057286715907699,5.882867104759201,11.780791017761251,2.831775335112398,11.503168526530066,26.115768906366952,31.307896017875716,47.93892385859232,26.82279652900323,-1
10.379859999999999,3.80884,82.6125932598309,36.15130064622298,41.31724232738246,21.107390899180167,43.979644270321,20.89396566203588,5.0037603762775165,14.924443633544767,5.128066782692961,0.352491666482662,5.154862916072638,4.951273273050958,1.023363208581569,3.9048948599020727,1.891901007998444,5.797673486460569,2.4086631892641384,5.527937855186227,4.515525281163851,31.799248112278406,12.004050294409403,15.457585031743859,-1
9.486360000000001,0.7111799999999999,0.5559365276564768,10.761373240595736,1.7462266069836077,23.792258408895012,14.558024989997527,6.846627166609426,12.94792228233667,0.2305338548207399,18.78885243750279,0.44044684260989736,13.500406240680737,5.356407799535701,1.9443889492615816,15.102703208255313,1.253199946864063,13.963880476807084,12.138253122940442,1.5624434594658454,17.1461822701846,22.678975088499847,28.46704987376837,7.412339967255457,1
8.89224,-1.06942,61.695237470571385,28.082643776005483,35.787789685287414,13.850979140189501,41.70945837655418,13.659135006794095,6.779102264177715,17.712195820810084,3.873793181233588,17.75380040350145,0.16939799061481545,2.964364282706095,2.5343890740415422,0.04977759550565219,8.939914672549241,3.5562451857679824,5.969083350384375,14.08527401724494,2.2043692597612754,44.68446640009942,0.9409136081209138,19.045855216130853,1
9.83478,-0.5753,27.485040598138745,16.500312436877287,4.5202454576041236,25.027551595982988,9.424201489088372,2.3491044898227376,2.70903598342118,14.584701150040484,0.38166996894387645,12.650818450748726,4.085042183070351,8.834904748032717,8.139445323279965,3.879605859977694,11.861404424026425,0.9951701739472864,9.896002855561484,10.404130275354774,0.32979474905165945,17.713564930167347,28.15515482612272,2.6354737930790577,1
9.7513,-0.89706,23.64935979837304,13.46231492186871,1.321313393660194,22.989118188899944,12.26434850314748,1.1248548623524528,5.370390770376962,12.13353965984001,0.24974211406936572,15.851170385157662,9.343468620547128,4.6745696941540835,10.418603250877402,1.6408154400382433,22.00025041255074,1.6089397008031758,12.030880001439632,13.3875590391161,5.0023934814500715,21.31357956783082,28.591274767341698,0.10649216994217389,1
10.282720000000001,-1.65592,1.4303000000000026,37.97410000000001,56.432100000000005,35.428700000000006,77.2886,77.03710000000001,84.94460000000001,91.1915,88.3252,102.58080000000001,91.3999,98.0898,99.7236,94.2394,105.41380000000001,94.1037,91.9803,95.08420000000001,87.64250000000001,93.735,68.99770000000001,73.5462,-1
5.38852,1.3039,3.4989702640665854,8.14734818716575,3.3480614220103706,21.64217759333567,15.261651289547109,4.747147529610834,14.022101622232624,0.2000258816839138,27.714931968704622,16.682082597586945,6.605167236206042,9.063491830313886,2.8951624466753554,6.750797169327224,6.019745947094985,19.607730347779913,8.533943121671586,0.5603808075577823,17.3137208524008,24.307105900184638,31.225312434616914,3.220421993561693,-1
9.53362,-0.81038,19.153355580566224,13.264204171072254,0.5106403457814026,22.37555182947024,14.40783693646707,1.7286109108724357,2.647666734200754,9.34709546231924,0.6172917916054166,9.06014986821743,6.150930887296146,6.878647964666885,9.317310935750486,2.1857779416593583,10.871701175484715,0.3997875835801784,5.346719329255698,12.522237400281714,4.126271468458688,24.01497474814081,26.83398045694908,0.19579921122246358,1
10.10286,-2.07234,100.0528598432256,50.51581160555344,49.60077408598331,42.87726657533201,40.94984299140653,27.030204480160755,14.806510818625922,16.202309375226157,0.5426677554821832,7.899794542457939,0.8486952988367118,0.10809559804525015,3.252994380395792,3.0431875175255865,7.0611704211919735,0.07808203892198438,5.906645800512337,12.511345085811314,6.159478096228656,39.31523908121294,10.42962385999032,23.867204418114234,-1
9.2204,-2.2317799999999997,65.99104907192432,24.49697643166177,34.238332530211,14.171425010928312,38.55214885871127,13.565132678933129,3.1497014236946024,14.120121904475871,7.662992542473791,16.630914048627158,0.6751206732072426,0.5295562041781626,6.551793105201214,1.4968715824235455,12.31005635141186,8.202361279077623,0.9196143561539786,11.49460472249823,0.072534738331654,46.55389056153551,3.590084608379146,15.21316847736519,-1
4.34544,2.3204000000000002,18.785537271948005,17.21260608016655,3.5871857465477803,29.01028833230302,8.05075739127519,4.476538431816081,17.128260888797957,3.979223236169959,30.87007848553061,15.409498279549915,0.15490618542664578,3.398704387337136,3.176720792087383,4.6284951334447975,14.408060078393493,21.7883944809973,4.533326285273615,8.493354689511506,24.205750068527955,12.956479218575856,36.2235778148195,5.406353483991696,-1
10.3157,1.691,100.41529229488185,50.579333475760755,50.15961087775256,44.557080630944014,43.72964441972595,26.309135562538565,13.899344590680817,14.460515120934325,7.700131198830049,2.9752185269339426,1.0405180715184845,1.0585874151851484,2.387673325553443,2.980827920488212,1.0654142993704825,6.504763138517984,0.7836375716510386,3.719627802920698,12.23752542889632,24.753549033514783,39.07355387078362,17.729821772744323,-1
8.9079,-1.86396,5.085000000000001,32.060599999999994,50.467699999999994,24.251299999999997,65.92779999999999,59.564299999999996,61.96719999999999,81.82669999999999,72.0251,94.9077,80.22309999999999,87.9659,91.5852,81.74279999999999,94.3746,72.0684,80.2684,81.72919999999999,73.9678,83.5303,33.6909,59.8769,-1
6.62564,1.4246,59.65211182584828,30.444172425812127,24.756550568989578,37.90230789481527,25.649564302144586,26.264882889720152,25.119645769074648,25.029922288338977,18.918945569469003,7.811634552513355,0.12319003248244073,7.342312655037739,0.38329880497489754,2.8750068636692077,0.5187139236209595,12.235747095042532,19.08816595154525,32.41059400007664,44.18646087557936,6.512876839793633,57.90371746995903,27.20810753799662,-1
10.231959999999999,-1.29514,3.018599999999992,44.9953,59.8966,40.662499999999994,77.8881,84.3689,90.30689999999998,88.6797,93.56719999999999,101.792,97.15090000000001,100.44669999999999,103.2826,100.6659,106.8561,98.3047,102.1592,85.9776,83.5166,98.56729999999999,63.650099999999995,80.12979999999999,-1
10.231959999999999,-1.29514,100.44669999999999,103.2826,100.6659,106.8561,98.3047,102.1592,85.9776,83.5166,98.56729999999999,63.650099999999995,80.12979999999999,3.018599999999992,44.9953,59.8966,40.662499999999994,77.8881,84.3689,90.30689999999998,88.6797,93.56719999999999,101.792,97.15090000000001,1
10.39742,-1.6936399999999998,101.29141590095745,53.66671178444999,53.632517883332056,49.2632509125225,52.54952677469169,51.12442614551101,39.48482153365399,45.6874656731572,4.621088079519661,7.555711977566261,0.04146918760577213,0.9346031503998008,3.6137061604461205,0.9450728118554725,6.456527597136636,0.37205738422414675,41.04320554181707,34.274510336563495,42.48621072484572,54.35982148390923,25.28255255717818,35.99519177857036,-1
5.5323,2.99804,51.76799974505987,29.335479729397928,18.55591625273202,37.38290081796138,12.60634888847044,17.074525078648076,32.03268717048299,9.71686899044559,36.40675308784403,0.3446806283853441,16.16209669962178,3.862656496586969,0.14616440916668394,6.986368561339344,0.7467933257909859,16.34003432026943,15.062877163712065,15.00457322126954,23.016421895877645,14.598012032789686,50.369795219406456,19.909209750959484,-1
9.51624,3.20498,91.91741187250955,50.7954227975028,44.54940713026361,46.36762982136693,34.93357443215802,23.59131115757639,15.247272518161479,11.113662150652358,14.406548980458073,3.072496244116138,1.0240830661326152,1.991495131319628,1.7045859034705548,6.676254104949939,4.726160933813112,12.773349530832585,1.5271154283960942,2.371510098192966,13.522988185725959,18.810462593808392,45.86645600886853,19.16229852988761,-1
9.652719999999999,-0.7180799999999999,43.01370908786857,22.660968000800576,11.848982350689553,28.870679468460878,1.4416072439028906,4.4840333442236275,2.38471963328959,10.268189703471801,0.4345758206603407,17.370297231874275,9.726317487172588,5.776849830141779,10.491367708265233,2.747381979630832,12.472959641041507,0.8758835777607888,11.673734757767669,9.45737924380526,0.0915546505152737,10.160697113652363,34.97354949486946,7.237830441055303,1
10.39134,2.3282,35.12998589025158,8.82231809485072,24.559828034519338,1.5883355372828547,32.29288028199005,10.877359423445279,3.318435288942993,9.237363029746724,13.37365054518301,1.890801824121733,0.0550179077709653,4.204652422694535,2.769915686567553,7.27175574159314,2.570624455855955,12.014489571229939,0.9897149912233174,3.677424156693051,0.04155642942182519,28.005722695492203,15.982860644911488,5.841609846869235,-1
10.33564,1.1375,101.61857902949548,49.15456973680379,51.810385663803416,39.922148445834544,42.85970252412542,17.425087911825123,13.47199606677942,2.2824658822681956,4.6086440163494515,2.385520520918615,3.4961019982786783,0.15798848616542716,0.447181982198127,1.5068979114277787,1.044676730464282,2.3525335041551174,2.1677179311117007,7.5362575919766135,5.6642617123053824,23.237752298412993,25.662613046005976,23.294779840835062,-1
10.33166,1.0629,101.44297188799591,48.59337176215728,50.08197957052109,39.67886252809427,44.361992427783015,18.43788643957702,11.907725303458525,8.7850839702012,3.290732283899208,2.7526700037721583,6.127808233632929,0.28794645998315893,0.013997419765585042,0.9892530501739002,0.7769224426963123,0.25394899597803383,0.3902412696371763,0.29608089221010636,0.3735912428094903,16.98541424814928,19.485240069742368,20.82263774670043,-1
10.05822,0.2739,59.3356915680632,33.23397810092453,21.56882870549532,36.92073943301495,8.543641842028302,10.283875918047851,11.840036873350883,2.0739223219814544,3.430628775794935,1.6808221421195804,0.14529271095582982,2.393598450719544,2.3457714898811255,4.012873282689658,4.204559004353482,4.327474724667921,0.5202373816047046,4.9519341162708805,3.184609954612134,3.6930504452894652,27.576117300035744,11.802681692225924,-1
10.05822,0.2739,2.393598450719544,2.3457714898811255,4.012873282689658,4.204559004353482,4.327474724667921,0.5202373816047046,4.9519341162708805,3.184609954612134,3.6930504452894652,27.576117300035744,11.802681692225924,59.3356915680632,33.23397810092453,21.56882870549532,36.92073943301495,8.543641842028302,10.283875918047851,11.840036873350883,2.0739223219814544,3.430628775794935,1.6808221421195804,0.14529271095582982,1
9.32564,-0.56294,15.351274988381377,7.781148541677592,5.011460742507488,19.50187547689514,16.506596186139962,2.0682827145050258,2.598934951464589,17.434944439287538,0.713172440251847,14.894588170568074,6.542216231759708,2.9277874365276837,11.321906768932633,1.1443037093208641,16.766285567308593,0.9627500606264207,7.731693665265228,15.217749949502021,0.6498510896716396,26.208934400938617,26.471483224337344,5.213892423298311,1
10.32158,2.18262,27.480774556858265,8.21707112165216,21.930282018336264,5.464326295983798,32.55777491528147,9.26020162973837,4.153349449642233,22.182348685933547,13.739120138362912,3.366625856798843,2.1872967896024904,3.8549773814288115,4.803691358086297,7.509845808440848,4.769333597124622,14.833773640156084,0.9694879497817831,4.442850268660783,2.7805170415642104,29.42147656384071,17.622957439014368,4.8678324089469704,-1
8.3313,-0.6416999999999999,55.267531682893676,19.9207419927987,29.650334936374527,8.414724518974651,35.15253111675648,8.997457919326198,2.231740580732546,0.13316814291829973,11.721652168025647,6.612418755350157,9.954525789496007,4.712488111975402,2.251214977471534,8.074142233729603,4.94551608367087,11.761672654104284,11.902402065051284,18.845172274709004,4.632533927375964,41.711384837856926,2.883435769291526,6.997199214037918,1
9.15912,0.81336,7.3581,36.7627,49.861,29.2692,70.0937,59.9026,43.5861,65.2483,77.7223,93.8267,85.2042,94.2244,94.979,85.6002,93.9562,82.8112,79.08539999999999,63.3035,51.3892,78.81469999999999,12.703299999999999,56.3329,-1
9.565380000000001,0.7745599999999999,4.330506946311971,1.8021303036768883,11.489781882955477,0.3650038169871779,14.039193064292675,13.058025407843342,5.815572663934187,20.591235430472082,18.708409303053706,37.347978658681654,9.568669829193295,12.513333093267685,15.496365973746736,3.337816061066704,28.591268170392475,10.260279832702503,14.522138868341871,22.048960153863643,2.2602048546868105,21.347309259242195,0.12574079523944431,8.202620066488485,1
10.280339999999999,1.7063199999999998,1.7349999999999923,49.8574,62.0854,52.331999999999994,79.0868,85.89519999999999,90.9663,99.5498,92.989,119.41,112.156,109.8644,112.42150000000001,102.78999999999999,120.3175,92.7501,109.20599999999999,113.3757,93.4086,100.95150000000001,45.24549999999999,87.79079999999999,-1
10.280339999999999,1.7063199999999998,109.8644,112.42150000000001,102.78999999999999,120.3175,92.7501,109.20599999999999,113.3757,93.4086,100.95150000000001,45.24549999999999,87.79079999999999,1.7349999999999923,49.8574,62.0854,52.331999999999994,79.0868,85.89519999999999,90.9663,99.5498,92.989,119.41,112.156,1
9.199160000000001,0.54812,8.853000000000002,36.2032,47.0978,29.126300000000004,71.03030000000001,61.8943,60.963300000000004,75.29480000000001,72.952,95.3651,78.0048,92.7038,92.7191,82.1249,96.1306,83.48140000000001,77.9979,80.2895,54.687,85.8671,45.58710000000001,65.4003,-1
9.36964,-0.7195400000000001,58.71351315643757,25.719506947691915,38.14507009034698,13.281558413514036,44.095892341394276,22.763528883082298,7.798563624952702,20.050740749327787,0.11786828607907078,15.956765634398735,11.261275428779468,2.646335111128109,10.63756106520824,2.9055244214671316,12.257216922579968,0.470388859241129,10.705549651909353,20.078651910926947,8.809573498218876,41.505668376878646,1.4107476771931076,24.06807921402355,-1
10.31184,-1.7218399999999998,98.38323460950632,48.556333288752526,50.25988542409957,43.64269325410137,46.903567925325895,24.728082237595164,20.859239485345373,52.428202449177164,3.4331008091831356,8.555293148011607,0.00017728395607376923,0.9135414393219748,3.8787115287245757,0.8011368417100566,7.953332149844566,2.172842057859272,11.520550823086126,18.79241457378825,46.037605186158736,62.519843154386386,22.955380680818955,25.1454500030284,-1
8.93848,-0.45964,10.137420011009107,6.341339251295352,6.91784681828944,18.26327134657903,18.543940804319202,5.030271433895265,1.9429828270587712,8.043628728268507,0.9472889728117933,18.449668401393847,10.22569357989898,4.598799097986338,11.099640179309528,2.7321409154795195,20.855500317685724,1.756293840577893,14.026449932795956,10.123193193663605,3.2575851280024537,28.18228249458268,25.039224482495914,5.889550843319178,-1
8.57328,1.7962599999999997,79.14309224282033,40.76558289603972,37.71370555796055,43.570129906297474,25.621969926566262,31.649478702765233,36.03608679414132,33.09242159390335,14.414829907253726,3.693154550567419,0.0864974623286404,4.218907134717411,4.355736475755267,4.46389678072464,0.2972561253477938,9.036625622483973,2.1585936663483523,18.605375270501842,23.195759931468587,12.081834062890271,42.579450110787825,24.537696373519836,1
8.07222,0.75812,52.309497055449924,26.279556206875036,18.334138500044695,32.27291970304757,2.184239383333699,4.992195611496797,0.3740125800466228,2.7886988178775103,11.420428609148948,14.536953330151263,1.143865542664082,4.564809377531313,8.112834649494207,2.5266840627977882,11.160900155857078,8.722633374575262,1.9311912082290468,6.122709254009261,6.694500201124557,5.69317606789985,39.45556319344709,11.264160586932812,1
10.268519999999999,2.15928,58.17563631350833,22.753782653073724,33.56915084958948,7.3301540871898485,42.41028414621369,14.640732725484519,7.758798164367388,19.83946306109353,8.043522398576817,0.3443242201670293,2.6077537889154203,2.929007471085041,0.881590651776493,7.146368733282286,2.225122361548877,9.81398330475966,1.331384075083292,16.75182153327558,0.6211667502445041,32.06470057197346,4.2927243812394265,10.012680708010349,-1
9.56416,-1.13466,79.71108715235646,33.95359467969575,40.703879785843796,26.105695107456334,43.83151133228294,24.851643917653284,15.431027376372041,19.042927511766305,4.5848319861869165,9.622028684271468,0.5140894199404504,1.5661961689443156,0.8077281457421231,0.9641504017966468,6.112189656967526,0.8648588772553029,1.262320004449878,28.513818947620894,18.324331922189824,46.81642009631861,22.964788694951512,22.39058234006274,1
6.45814,0.66032,30.8038992205472,18.14242536296884,7.045089416880644,28.615098271185243,6.825895136271125,4.166792616004896,11.435771690562065,4.665538001095399,17.52848589567524,16.96835019718252,0.04014172504285784,5.620441301600553,2.009716537628394,1.9929765861941002,8.199634921044643,9.860650765698422,0.045816181435920963,8.268277183830632,9.368286148256121,14.291309253700842,38.39388156758612,10.366250002978212,-1
9.19452,-0.78056,3.694070534937642,0.0773380326274985,13.199612645853799,11.380712590336039,25.920695644514026,11.852630710316749,2.471791158944688,21.214171923425802,0.3802275592917958,18.346812256106254,11.359077658218258,6.3785592200016215,15.982048206878238,5.2691554661141815,19.774395408089713,1.776279474957098,12.135825955423647,15.746290998396933,3.877303732213199,29.174814995844894,20.924692568679315,9.481546697166713,1
8.66006,1.02058,74.73326843298088,38.72491648376701,30.336291095959197,42.12473140395827,19.566468515563866,17.629560305839156,18.19557660415203,19.52428484499886,26.7890785538359,2.7956111960638403,0.16353982691687166,4.196159276581477,1.45343623078932,3.295470445450208,3.9158709794560407,7.534608665180368,2.0164260252030326,14.073440534575154,16.22531922971669,13.791234891330525,43.094484174957984,27.24255689650071,1
6.835500000000001,-0.662,11.05456906895489,2.0897637264656113,9.167958365480837,14.82297707802929,22.6722824791762,1.0807668581751684,6.794367515104958,12.88469716039726,18.79079589903646,22.739768325714525,0.15296332049748218,0.12415712055518632,1.6977141159947275,0.3603344242823595,13.034829596340998,7.949232061796436,0.12994019860101383,11.484759420241845,12.408328540547897,33.495696717413104,20.741765455809528,6.403873761783051,-1
9.50692,-1.37602,28.88003750988061,10.191827575673404,23.759250810597006,3.93916318256564,34.75170068029073,15.090810861285016,6.977831875890764,18.386342466430524,0.3738696360819336,17.341006747768162,10.784879741843064,4.9335495451700995,11.320134912733261,4.753840271992878,14.891789038136336,2.870592709802227,17.365487038777243,12.865886288349081,5.782471367088752,33.623397098705105,13.527518139273592,12.752897266504208,1
10.02864,0.7456400000000001,1.0455707167575987,2.241237711321974,1.9119186469553666,7.2561632324694365,7.1034839428592615,2.367830877271144,1.4432669839329322,9.632787788697659,21.377791760769746,39.64442049718913,20.951305112171625,90.76441397467849,46.49516743751605,41.349934121653185,40.71769764084516,31.524727537204043,20.01131909398583,12.277883114398785,8.097147843769571,7.180575663479484,3.8914911587565766,0.222896116362853,1
10.176779999999999,0.9422,4.686799999999998,48.2123,61.2234,47.3814,80.28059999999999,87.8537,84.90429999999999,107.598,96.22749999999999,106.38629999999999,102.08109999999999,107.27199999999999,106.3562,104.67309999999999,108.89,97.2375,97.9212,92.33579999999999,99.5,100.53479999999999,63.0682,85.60040000000001,-1
10.176779999999999,0.9422,107.27199999999999,106.3562,104.67309999999999,108.89,97.2375,97.9212,92.33579999999999,99.5,100.53479999999999,63.0682,85.60040000000001,4.686799999999998,48.2123,61.2234,47.3814,80.28059999999999,87.8537,84.90429999999999,107.598,96.22749999999999,106.38629999999999,102.08109999999999,1
10.09348,0.2571,3.5853000000000037,49.9342,62.916199999999996,48.172399999999996,80.56389999999999,85.82849999999999,84.4319,103.619,98.45609999999999,103.7349,101.36789999999999,105.77860000000001,105.916,103.73179999999999,90.6948,97.44669999999999,102.1086,112.099,98.20859999999999,101.73179999999999,65.6587,83.66120000000001,-1
10.09348,0.2571,105.77860000000001,105.916,103.73179999999999,90.6948,97.44669999999999,102.1086,112.099,98.20859999999999,101.73179999999999,65.6587,83.66120000000001,3.5853000000000037,49.9342,62.916199999999996,48.172399999999996,80.56389999999999,85.82849999999999,84.4319,103.619,98.45609999999999,103.7349,101.36789999999999,1
9.79958,-0.50108,59.07473062326469,31.244640809633516,21.115804813289706,33.7606685510694,7.496878693131815,7.641608849044382,4.7829742486334705,2.4288134235212397,0.5290804414624594,11.947188870806555,2.415398888858695,5.411430193403435,12.438191524742683,1.4120487902885202,13.542654004716736,3.217608394917934,5.983552995919706,9.003168169567099,1.179350763141919,6.3842872160792545,35.79658031013088,8.546794216033106,1
8.51584,1.50214,1.1184000000000012,43.0931,53.8943,26.8263,61.8194,55.6057,51.852599999999995,62.8193,62.8934,100.12700000000001,93.8071,97.7613,93.9128,90.5124,94.5279,83.9724,89.6878,65.9979,45.4916,61.0942,26.1035,51.1524,-1
8.86636,1.09848,3.7028184175260344,0.46079777834765256,1.4642407985500756,0.6371479019631697,5.2795954761152055,2.990662939496941,22.142799865992057,35.793129748724475,27.555740340191026,46.85581844314796,32.31731465741464,72.71972835045368,37.45498235631881,30.853616894759988,47.7972999755063,26.04172511683251,28.998900926272313,30.222448419661443,25.101098970554915,19.96469698041645,3.4885111459075735,0.16284240816131765,1
9.04188,0.78612,16.266489008997898,2.053188310361281,13.910648275564387,12.385303730922509,24.226548896985424,3.7614738112551422,4.260677481085847,7.117630277014783,11.133261542501202,11.16001596850947,0.28376827051009174,3.005610865565962,1.1177809280743003,1.357472806792389,1.2455505630031662,7.813847783667854,3.0799137816226927,7.6114137588228,6.053519367847,29.05745156775563,23.84775940137099,3.2053370207742096,-1
10.456579999999999,-1.28704,1.141999999999996,41.3178,58.3391,38.014399999999995,79.559,83.6322,91.7756,95.8643,95.2633,103.42779999999999,98.5447,102.3538,103.2079,102.5994,108.01329999999999,89.0987,103.9958,104.1839,99.38,100.4707,70.7954,79.2201,1
10.276019999999999,-2.64924,101.70049518980217,52.982569392792676,50.99726744917711,46.394865669046105,42.89979448019971,25.74998952234127,14.826050499791373,14.261288876522917,2.9773847780615643,9.210447579303226,0.12951568703149294,1.187115042266193,5.246069172293271,1.1583478662083562,9.377262960575893,1.994547038217568,4.789000355998366,13.867145685869893,8.29016861094877,39.50602058933691,30.351977983000456,22.101731686758786,-1
9.35774,0.45052000000000003,55.98016402344897,15.746380463515003,26.5067991566342,3.3318729840197903,31.498697526343275,5.060644977938606,2.8533069884750413,4.394567347309229,11.464929669635259,0.1233592535980886,3.0756111481737842,5.396966524037368,2.791389807449954,9.949665402940125,1.6645604884387133,11.769022729952699,5.30705462752441,0.3110927573036003,12.029321570309115,33.57215278349296,10.800582146063018,1.2114980473634764,1
9.74936,-1.5035399999999999,90.33003213752956,44.50530550585122,45.24838589637115,35.77316532081904,40.69782846532565,20.70479897013838,8.653457507857562,11.238249542118316,5.568265368039127,8.153323964099053,0.6201263996597328,0.9985024439548187,2.698206031758001,3.28593273030043,8.894236659949874,6.2892033796401146,14.14873428690661,14.18976171870273,9.596738496914647,41.04447779198695,15.582956129387167,22.951666989813447,1
10.297320000000001,-4.4391,88.18824618054457,47.23304612287557,39.68847320236226,47.05659515452858,27.32654664297192,20.815811565727394,13.2373984489113,5.921887894279013,0.940523589552672,3.3170091360439784,2.7914025289899107,4.447897454127307,3.2962770014829683,0.8777200990398533,4.836502753164973,0.25436501057823135,0.7708043794607029,2.433662804517518,6.137824791630767,19.879934844201433,30.764215482938738,15.521175978378562,-1
7.62908,0.40926,43.58379094565416,23.28675077997155,11.38499940669301,28.208735324517274,1.7252288871011878,3.639935970322671,0.17044988672736427,7.756909685057171,7.513632944906295,18.401113488041364,10.518444100160144,6.255075438347079,6.20075998607686,4.466848972608722,12.90740251999457,4.1526647680043425,9.089994873577067,11.762009133361849,2.7964741458349724,14.536002164029078,35.0717901598134,4.331345505237548,1
9.05322,-0.2611,62.948790012819885,23.760373991476158,32.11566905401944,12.18023167896175,36.637940843981255,12.472195829882256,0.215208904746901,0.3326832455639473,9.911444999606701,5.089928486874211,5.123628368928751,3.9624649768155487,0.8244654167373268,7.087829863669274,4.232696316538624,8.58284548687429,2.1579870736574245,2.3123036180498526,1.8557068072816612,36.48332592396906,3.1130167717644452,12.121209675661035,1
10.18972,-2.7793,101.04584553776884,50.141855270937945,52.98503824073236,47.58851012922056,42.98027906304634,25.83208555258728,16.124194322783904,35.25934999742721,0.017636870137363345,7.584021488020948,7.295483855290517,0.6557428330628451,3.2912329021646727,3.2427917043559833,8.092249692260356,2.3722868586699812,2.0483227431569624,14.55596051258033,9.355083834859519,38.08637784606731,40.762139666755374,28.455826828859717,-1
8.563939999999999,-1.8862999999999999,74.17926235274697,32.500988023053,40.75162497945465,19.672413275826738,40.956923889363715,17.22489207418157,6.53970822984722,12.950038758762014,6.950098467842727,12.085431411387145,0.2592974192144711,3.3556753013905323,4.94759524865717,1.0567333653731728,11.082684763915472,8.796575598880006,1.4769973117717567,10.11026439903019,1.2534415475411314,44.121908309176746,6.505205488446779,12.497280374868119,1
10.33072,1.12498,1.7098999999999975,51.4871,64.2224,51.01989999999999,82.595,90.0632,86.6035,113.26740000000001,94.76729999999999,108.7012,104.5925,106.4816,107.6422,104.06469999999999,103.2735,96.192,105.1216,102.96090000000001,96.1985,106.5048,60.811,85.2393,1
10.682599999999999,0.7202,3.469299999999997,53.2465,65.98179999999999,52.2919,84.3544,91.4393,88.5795,114.9722,96.6516,110.4606,106.48679999999999,108.7971,109.7381,106.16399999999999,104.9687,97.96799999999999,107.2366,105.1272,97.98679999999999,108.316,61.9017,87.5419,-1
9.069320000000001,-0.26978,8.094934861875078,5.462614860471528,8.22213483771317,15.517166041077306,21.52108977260717,6.363275230848707,1.1663912600566446,14.626012892654733,0.024734749566920736,18.956610254890812,10.59408069040837,7.999738326260428,10.456303795232516,2.237130118641253,16.774703339852355,2.303631982732838,11.590046028583584,13.533565145410533,2.7132751411144005,28.347612093317988,25.550560477887625,9.176513028693515,1
3.8883400000000004,2.42314,35.565092777141615,21.979395232079337,9.361213360176531,31.34596253496348,2.052729888422693,8.775434558306317,18.495284415899427,0.6691053908144635,31.956698670225098,10.62035461706209,0.29757195768464295,4.449915888096626,0.8578397683397362,6.928319508715065,11.990855599091189,17.328333334627217,2.90277367150747,2.3665173273612905,16.495616454694773,5.714934836405991,42.892908532701554,14.05163834135397,-1
8.82578,0.46909999999999996,24.806379086301575,22.80046149697721,9.578774659915263,32.44137020638667,3.887724484998929,13.417381442774335,15.154144291798742,6.14232768664963,15.537715400644268,0.33956659717542714,7.233207792399596,3.027698370174171,1.157159098476426,13.199788563544814,0.935467884402164,18.25550158356239,15.12879102322788,3.712876504332401,24.355889664440387,14.59933302072131,36.813973297428426,13.253812129425901,-1
10.47298,0.14665999999999998,102.6277,101.6009,89.9095,98.5247,86.29939999999999,86.26089999999999,94.7596,64.6361,96.6026,42.3625,67.8368,0.38989999999999725,42.7943,56.2253,36.5927,77.10419999999999,71.5479,77.82159999999999,82.9559,86.09790000000001,99.5316,91.45259999999999,1
8.18028,-1.2041600000000001,13.744497070513557,0.28263638512273065,12.252249266477293,12.742786654870867,25.089569948907023,3.351811383240864,4.829283233119179,11.34551490836148,12.605261813723855,15.756667411882905,0.1501660388106763,2.390698015894815,0.01585582033143414,1.1899258558121255,12.946287917362925,6.834243984178954,2.1689977928386734,9.641149517352499,7.549830882806334,36.90879497894461,18.163597022569963,8.44389095504124,-1
10.48816,4.0807,82.92849968149999,37.47568287105934,45.82288119773407,23.684442554733597,46.38243967308639,20.536394006297943,4.605570692832757,13.465500399018092,5.252488516072816,0.23281126307649636,2.6524078723082942,4.998609468333193,0.846640141607005,3.82723850892345,1.1732644724566486,5.402873492697449,1.0380866975844487,6.180527986598177,3.089904278034858,35.00942867635307,16.65945467437824,22.159537796500526,-1
9.6107,0.32706,29.755301302209798,24.052567594786233,11.976077488090406,35.491556369538756,2.110350743562722,12.966971111781463,19.802751180752026,3.707129985377526,19.242541037293933,0.3112058436822049,10.163956903747607,3.191615768001446,1.105831141466857,12.523341591998578,2.865555203162409,9.929877430253583,10.990012589976706,7.636488043981588,19.80178583143812,13.150277436523753,43.23969198037861,10.880672695940346,1
7.462260000000001,3.54548,76.47865069073355,43.45214937937304,34.21810752233753,44.17062744530198,25.31845653470464,34.78633404899962,18.555077896917208,26.05780393351941,22.375863064327003,0.13870605666743857,18.305428260227703,0.7963342352178064,0.2735943814263366,7.7645822332979355,2.3319343767490084,15.507612672106381,25.238596877444902,22.839313997487878,37.00513504191736,22.746271593076738,56.48560133199983,40.434059967753434,-1
6.2829999999999995,2.1358,40.742962707557155,23.744528419323267,10.837507892524073,33.814145047486534,3.074880155445065,9.420389894736191,15.779864455719341,2.390578752693218,23.449206349746294,13.42517607483414,0.7457662644408832,2.3080154369188817,2.050104774044973,6.450423132891848,6.111820502596691,15.001229208938831,1.041822969394,4.09937192557257,10.894424351434928,13.20558002541118,41.85752502450395,13.501035397279558,-1
7.4072000000000005,0.95192,76.62478210053011,34.75793586144602,30.25669144369709,36.22564745616053,18.348112230990207,13.054048087185022,0.20574352706612964,2.645321552057425,2.21148326359726,11.380813084397552,1.918289256372532,10.08269429966026,4.193162654512019,3.277855748943756,7.7803346052027615,0.10056939829185592,11.777709975735013,4.538838408557691,3.045163280913618,6.6413990332004,35.99283771902394,16.85897726656446,-1
9.53624,-0.00912,2.033700000000003,37.2761,52.3082,29.533099999999994,72.5251,66.1655,71.92909999999999,88.1824,76.7263,94.05099999999999,88.3486,94.7596,98.1309,87.8116,95.5534,88.144,85.7739,88.7517,81.0394,90.4998,40.5004,69.58409999999999,-1
8.09074,2.59316,74.95936102248322,41.656843638447064,34.261499111024285,42.121642508003795,21.399284527264285,19.264551567308597,15.028492117469467,8.74332643133033,18.818975629447372,2.6251132819339578,0.07604334694369132,3.3286722309413053,0.8252845917292483,5.556670945995732,0.41947127632852843,12.908919621446216,5.474044423159371,2.842044813154134,12.417398618859647,11.406325246162845,47.28401145667987,26.533457529072354,-1
10.2583,1.46112,106.977,107.5324,104.8303,107.7191,95.2963,104.14500000000001,105.6659,92.7613,107.3331,55.7726,83.4875,2.0001000000000033,50.379,62.6843,50.2521,81.7598,93.491,87.9057,117.9969,94.7388,110.2877,104.6156,1
10.37192,-1.7204000000000002,100.67647434383244,50.63696735962666,51.18820552345081,45.32216436406078,43.7038088030963,25.81938411960746,13.91996530146165,13.266031975110758,2.920335355799936,7.559498490491351,0.014593457148192648,0.6809893119267251,3.702725382673908,2.0231998123100836,5.933077453722717,0.022383044354820508,0.7743119187664048,11.765403847324732,5.42732524950248,38.76918587271803,28.882286333873644,27.486910217255307,-1
9.01032,1.8486,87.49285415159511,44.35518807411737,40.76816213649487,40.74879664480499,31.838340278446427,20.850646380741686,13.077580804595636,10.13522811806461,11.618853671239156,1.9942136233720058,0.43986868166872606,3.3264857393003657,3.410545119809865,0.9617653878028857,0.14794392085081565,8.413775131175852,2.1499199143519245,5.006639314167246,14.999178077207745,13.598180034371188,41.95436820037755,24.249351473485156,1
10.42136,5.23428,91.17996101340273,41.778460969388334,47.13017901588716,30.46587201216601,46.54235887072517,23.2200599893261,8.68672928158755,17.854803067859752,1.6118798029457218,1.0466992595880942,4.136370125211842,4.686487570944154,0.23374707483529003,0.31618267392359756,1.8882897778173569,0.756572057762443,1.6577148075066268,8.113601173097114,7.162019076503984,28.591011950094746,24.161983004276692,18.375062378374007,-1
9.6546,0.025679999999999998,1.2339999999999947,45.0709,59.6789,45.6925,74.5906,80.6831,86.5332,95.4587,93.2319,112.5326,106.98320000000001,102.9812,108.5806,97.10990000000001,111.0301,93.5661,104.85830000000001,107.1437,91.1675,96.779,45.2156,83.32730000000001,-1
10.258,1.34218,107.0846,105.6642,101.5984,106.6431,99.0471,102.95400000000001,109.8077,99.1937,104.7328,63.4165,83.39869999999999,1.7830000000000013,48.1141,62.054199999999994,45.890699999999995,80.4411,85.43809999999999,86.69550000000001,102.1769,98.5065,107.739,101.6152,1
9.54928,0.04132,60.013717826570485,25.839327259872857,36.71517166979345,10.092369716729692,43.715219359400606,17.096630151057468,3.542284768002592,11.828673776478485,0.1172138477334892,8.083242237024624,4.192921326749358,2.737642944056141,6.286629139902584,1.2065984011418958,7.609813513611992,1.2896366660502614,3.692198393571872,5.6573880903369735,1.3861260697981999,38.70911721413563,4.49847149955278,17.374238228344083,1
5.51676,1.8138999999999998,20.620446099641004,14.467659442125113,7.018633001676697,28.50718645422403,9.017311689358952,7.625256204647984,17.07894691171182,3.9709180116275995,27.8082851733511,15.23811476687434,0.649264707955352,3.9729521114998523,1.1473554616871462,7.882427443645784,7.438203750874045,18.051895463077784,1.0762300857191864,4.917846011337207,20.47342168604106,16.725775485507768,39.61439211508624,11.235232981354956,-1
9.1345,1.20462,8.167589677900343,9.905989024785107,0.3712722012502051,23.53132620552344,14.399585058166341,1.5120501049716653,11.611528456641233,6.627962238175361,21.217861018917922,14.727725571480038,2.2968657234794185,0.027850951840245157,2.2880305907123724,6.64498813084098,6.755553447057598,14.003188273116931,1.4502674549780081,5.163323313305962,14.801785816211899,21.90493185984686,33.46729672858759,6.054093434154849,1
8.97882,0.8287599999999999,70.41464336244691,39.58606828706816,32.34297331281039,42.19790172185545,20.53229233358108,16.957848538813792,17.778807086221864,8.112956754255361,13.413100482265788,4.023723937486727,0.7959736702195969,3.806960211173859,5.856224398634431,2.6765767240942813,2.5372882508800347,9.317614919489992,2.9104830274151636,4.326195804628716,28.699157663623023,7.003843594081957,42.98065460127552,22.329832357641536,1
8.11836,1.2465,69.10824816031767,36.49099869127395,30.2886872468091,41.48831309790952,16.68640473407191,39.7453428866483,23.056891872500753,10.171613909005604,44.952066258281086,12.768116700428093,0.20543757266952115,4.867246333771975,4.370573081687315,3.923603180217529,3.8307384780012916,9.806125708618522,54.943320796103016,8.253095529336008,31.544966056996568,9.115159253187045,77.24826837080361,39.43691299188432,-1
10.313120000000001,-1.71928,96.31020000000001,100.29820000000001,89.24180000000001,102.43520000000001,85.2885,64.0596,91.185,78.95590000000001,85.5473,47.089400000000005,48.851600000000005,0.3106999999999971,37.3562,52.526300000000006,28.087600000000002,75.1157,67.70580000000001,71.655,89.7166,77.6103,103.44820000000001,90.68180000000001,1
9.677200000000001,-1.22468,88.56399128341033,40.72626444885049,46.97745429741145,29.91410539922446,43.892831886613926,40.03565324877699,8.21525857402525,32.16112073720095,5.5901312077549274,35.05452486721019,0.40715116581626554,1.7111797709032481,1.11190010571824,2.613802821095818,5.2262874008484905,4.46112386636301,18.505175656442848,29.480215390403497,15.77438383173515,61.91508972635596,28.24014388561838,18.11506997236188,-1
10.24008,-1.04538,5.073900000000002,41.4912,57.9196,40.9258,77.8837,84.629,86.7431,97.6409,95.382,103.76660000000001,96.91380000000001,103.37100000000001,102.6953,102.92830000000001,106.1563,94.14080000000001,93.0074,110.05420000000001,92.6032,98.9335,62.55630000000001,78.348,1
10.48032,3.21972,71.61936784074176,31.603100193414505,41.81763333596194,17.15946941892025,44.92421181171156,17.967217122494155,2.069395939773764,14.728223250646408,8.233748248431215,0.8678438173874343,1.8295464009276752,4.915568763966255,0.9892782620993986,5.597600771912058,1.8721897373703562,6.977381601842285,2.5273907847209207,4.141263003525581,1.659228521223959,34.24458911219244,6.051802537467262,13.046957666826875,-1
8.81464,0.22886,86.98806143199783,40.40005544878323,38.06169051515815,38.24514255079903,29.794190282626314,19.47375004036329,0.005664012821717949,15.296232405042494,3.242667017902554,5.894364552090869,5.113434733977488,5.669380943940446,4.992468059976216,1.0204662052665243,7.420546502732424,0.5007939145639195,4.215166980628775,3.029915482268105,1.3803349277529067,16.835105226514674,33.72417790651435,28.029475935952707,-1
10.33306,-3.2453000000000003,101.89062687415317,53.30325603661663,46.52854521747743,47.00622002506685,38.661097223525466,27.04362078465421,17.826681668614857,14.473038021383417,0.2544823794587708,8.355213154658061,7.678215219355755,1.0494017060169072,4.991807739039521,3.077404156927509,6.398088175254231,0.7316116014281685,5.979778771632441,14.156076098882187,10.0757453408734,39.34687811096223,28.17737355514207,28.871274173598923,-1
7.9926,5.56818,90.33889757353879,47.72149696539733,44.853435250977086,45.435883701238104,34.16773088012303,34.30700878458853,22.23056087353883,17.7526719872505,31.807041347530593,0.3460572652228281,12.294556528120607,2.221074054853705,5.642490520110893,11.005265406614734,3.890304737266052,15.546502731093183,9.613322241479876,7.000647299175212,16.330879575457793,27.549939418304117,53.39427666237066,20.98239265844578,-1
9.76374,-1.27732,92.44062008241062,44.23988353426985,45.96604691753052,36.65617560702311,40.582128841394116,19.96863394849446,8.979221464759078,11.634426755871594,5.577128907147775,6.49704442002275,0.329682269762355,1.648977525363507,2.512099883381398,5.829277044212569,5.711432878607998,5.135121148920597,0.9558479235988333,9.2289730110253,14.308930301298616,36.721134141205766,19.290358093598314,24.930520668235737,1
10.340959999999999,-1.32108,1.8896999999999977,41.4071,58.5943,36.3685,78.1877,82.7765,87.5111,93.9087,91.5466,102.7056,96.99029999999999,101.1659,100.3993,98.8678,106.0381,100.5141,101.3189,103.5911,100.3047,95.92840000000001,72.7233,78.3758,1
8.66422,-0.33514,61.75897855623635,22.97635967687698,34.49741169738688,9.78505771856412,38.482696651693274,22.17749242816407,16.305748159163297,13.739859668834855,11.181669832106309,9.103955316564676,0.06198667476129697,5.053813601152859,0.6260604034501503,6.673595770684912,4.616599271558181,11.746156100388864,2.6750211011248575,14.434574798895373,0.24750741284770117,38.229393194377586,3.6888119870828113,16.298342163766154,1
8.67064,5.60312,96.97725492673386,45.83082995744082,47.69355987455461,41.89609252720134,40.52448536591065,25.52026004834999,17.351644718674457,16.907669050373375,12.390733754966744,0.3277384131383169,6.227858389959476,2.741663216505978,6.700503625154722,7.270606267565875,1.4479077326866512,8.91173718508485,7.483535490184069,8.272433334445966,13.508251641283179,25.18462515886393,44.99738832925178,25.57364071667461,-1
9.96668,1.3171,5.055799999999991,50.7204,61.7564,47.9863,74.9613,74.2906,84.6985,98.447,96.1544,113.06349999999999,104.4778,103.9868,110.62389999999999,104.453,113.9556,96.0138,108.08609999999999,103.4645,78.8938,98.959,45.571999999999996,79.107,-1
10.46182,0.70314,105.63839999999999,104.3374,105.21039999999999,108.13749999999999,98.31110000000001,103.6151,97.07820000000001,99.4,103.6949,59.966499999999996,85.1084,7.531499999999994,50.9381,64.9252,46.716,81.0752,87.4574,88.0776,105.3051,97.7182,107.1194,103.5803,1
10.31288,1.1749399999999999,1.828400000000002,50.524699999999996,60.9906,48.1462,80.1926,90.5969,86.67920000000001,112.1217,95.51169999999999,107.9597,104.7776,107.3021,102.1105,105.05340000000001,109.3119,96.46690000000001,103.7427,96.8501,98.1249,105.45150000000001,61.5054,83.17349999999999,1
10.77948,0.8796799999999999,4.1614,52.857699999999994,63.3236,50.4792,82.5256,92.4678,89.0747,114.39949999999999,98.1623,110.2927,107.25999999999999,109.6351,105.2202,107.9557,111.5029,98.77159999999999,106.1741,99.2689,100.4654,107.8069,63.1562,85.55619999999999,-1
9.9784,0.43078000000000005,5.483310908489238,1.9121519390353994,15.294663860246757,0.9613462951252002,16.136759387086016,9.488825490214218,1.333723327987396,11.990375508147201,28.540537849325062,22.787550704179296,3.690857620041838,21.507794428977004,0.14953420111881657,11.59843971526781,13.848426916232704,20.869999220172012,1.9188284731976695,9.790334423638726,2.597452548185964,16.28781218064036,0.1439399903190691,7.8360259970302515,1
8.015260000000001,1.2414999999999998,64.07186994991085,31.928670001381423,23.506470165565688,37.23486328388227,9.221243116051008,12.96077250218908,14.694564088806539,4.029490756031711,16.60885013051264,6.41174870441686,0.15808456997334755,4.6223072059426755,1.9601592108735686,5.883753662010624,2.054797893581356,12.332076334182222,1.6932029874352101,0.2766912882680744,11.754181946186064,1.6728926994453848,44.97397117625322,20.363756898545915,-1
