0.926389652095323,0.330834388730795,0.499106251474234,0.236342017708516,0.316558256481238,0.1076428461123,0.369040013512347,0.176792590856486,0.064498314207452,0.162227772269741,0.000369587412571433,0.173835860612104,0.0989967348202979,0.0312325665922346,0.0339383180974095,0.105941427186571,0.169083126977866,0.015969716185559,0.17420367897508,0.161122029786734,0.0679732362608421,0.280221924029913,0.00765795419762204,0.209988043948574,1
0.845115706328111,0.326005806719204,0.0344325050407193,0.0306424129126355,0.0646318098967136,0.127663658415483,0.189611920793171,0.0158855195587415,0.0403542430393997,0.099237555878577,0.0888022967262449,0.164888076511024,0.00585530143978426,0.0453049159315659,0.0819089500161176,0.00980806584956476,0.147762292542332,0.0706985816262724,0.014987171278714,0.0941528944831964,0.0261543250794963,0.234509419432443,0.0666978292591252,0.0320224642830486,-1
0.983204273405782,0.681768276859403,0.89015781213189,0.856273496786353,0.858861668840068,0.914123289898497,0.793684528372007,0.713629546306712,0.879933702977393,0.781848618480212,0.820297905239721,0.718303187765246,0.465352505715547,0.0411361743498877,0.421828908554572,0.521880008361787,0.416419463053844,0.689404421792409,0.752845330174436,0.730459300994455,0.956329573847517,0.786843292818486,0.907987994863474,0.862815267560581,1
0.985593731220757,0.348640478022965,0.0191707231286355,0.341273712467357,0.442295376794715,0.277570668710659,0.619323027099489,0.577996058014872,0.629063513078564,0.759460930215581,0.654988369816605,0.839764774978349,0.759315760308722,0.79266087314307,0.805377756983917,0.820842085004861,0.837062126083797,0.676943036987633,0.59329198894386,0.758446399952218,0.641272717016568,0.808439597705154,0.458269043803153,0.5206282289935,1
0.894562912071952,0.567341751375713,0.130900727529291,0.0968850493674567,0.00596057934919016,0.173819963458467,0.108696331115191,0.00513288071015165,0.00263806968238348,0.0564379509482647,0.0795306809266295,0.137673714763214,0.0579141097547736,0.0190783762033306,0.00635876793863112,0.0754030435716449,0.129090734682019,0.0551451920778982,0.0169024122394683,0.058972903818035,0.0018375537070271,0.150683433666897,0.225866854114748,0.0621371482990191,-1
0.931457131183996,0.652217887268025,0.0144763431119783,0.399402231800671,0.498359994823656,0.386624791370105,0.62588387734719,0.671794067776926,0.710354513207973,0.811445029548298,0.716601796456859,0.935282425979938,0.834680510068985,0.848650002820444,0.818394935146381,0.838481473001715,0.934961393100199,0.734390502072197,0.706300539866145,0.825290920493345,0.652736991946803,0.847058940641269,0.415647159149354,0.490143378095437,-1
0.919747930771436,0.535537875645715,0.0714493099866942,0.302330018482203,0.387009699008863,0.272808266223359,0.550305105667101,0.528289881906355,0.532597695199604,0.735316271306795,0.578570101303709,0.797903580636491,0.664310766463927,0.789564191644186,0.705811109894449,0.754086325492499,0.793417415743386,0.614058751505619,0.556512570884392,0.594597688563266,0.536031170882401,0.5836319685703,0.416962813276659,0.419740120980453,-1
0.96627331245137,0.371938330778939,0.0359896937661553,0.315314014951671,0.462416755427695,0.290624346735419,0.634501992560665,0.657983017609524,0.709139233701982,0.753661599822146,0.741134681173703,0.828894452352748,0.78472464172067,0.816048159909215,0.80901695916329,0.818323594506439,0.83163608973657,0.791762478805194,0.627642507075996,0.810252977227404,0.779190764871205,0.846123216898772,0.757403665249808,0.450737629035309,-1
0.990059322171102,0.445784361782117,0.00167143943444867,0.0232839105361474,0.00428839265099797,0.028998037520664,0.072018038589772,0.167057252854486,0.190339387997244,0.115523282704755,0.432637532373094,0.375615470849856,0.400708810935606,0.840605342867346,0.41959626342839,0.418117080409672,0.407922841648532,0.382225120276296,0.217021027713848,0.214124730363726,0.19106082844524,0.00523399987485602,0.0340653840213012,0.141508641166528,1
0.905263568910954,0.648813260080247,0.776606572933004,0.350511275138492,0.366129501366127,0.311251682866165,0.291725779321031,0.177605482146126,0.252944971219892,0.0800166776876764,0.0333468755809819,0.00356534218684315,0.00877829941550124,0.0627281841182947,0.00668693341025494,0.0310022533973167,0.00353210698194525,0.0339627010785742,0.158751790287041,0.0885814040951341,0.0368446830814404,0.246804216980485,0.212693042792092,0.258866599094595,-1
0.962952451789427,0.412935808915022,0.031683995187202,0.0312229483639609,0.109991910125441,0.181194866706746,0.00677779585642289,0.135352948190601,0.156602986554246,0.0570137982069115,0.27424643106732,0.0803807178976059,0.0977484073698232,0.165162562889037,0.0935228468035373,0.19882862531952,0.0362440109364176,0.289408691477877,0.117564638206715,0.0507968812709414,0.153716088076532,0.00486073214232271,0.187762956083466,0.103888319282566,1
0.93921120273821,0.411622753999605,0.01424964388019,0.0186543554732793,0.0341444601408917,0.0776718965317998,0.00347469869962783,0.131862730388963,0.131106228426613,0.0118001930367793,0.306930977238449,0.0337087746388556,0.204072338444403,0.447774411443598,0.185377195101662,0.277683018942828,0.0707280081562207,0.328599556227962,0.104941620630221,0.0137552372465315,0.113559231861449,0.00760285142921394,0.083273621408898,0.00607140062500758,1
0.974585463830047,0.453671563267289,0.813369567742085,0.794976955314214,0.901437928665996,0.952371827415378,0.774859724392858,0.719999601819684,0.871860597071384,0.746438774799168,0.744679315528037,0.465227244824485,0.547132106274326,0.0342144731908511,0.41223608110933,0.493856409541728,0.361697044506605,0.663566666998484,0.671108865816552,0.766026757717232,0.866195652534584,0.775817845778127,0.993490581376443,0.886983153654466,1
0.759268553535188,0.949050364084399,0.472312580689272,0.280777668982893,0.213169458549539,0.339702828847089,0.161295491540002,0.262315198085077,0.289140716443497,0.226558029811384,0.252716696263571,0.0369848076371116,0.00611812278784263,0.0201816654067751,0.0858651560506851,0.00879101974714997,0.0169883865228933,0.247036990607784,0.202221594399794,0.0752894635006639,0.29031429773125,0.0911502608105154,0.40428596732514,0.302539123801477,-1
0.990561213071258,0.510687424172188,0.892906915396637,0.85870654442531,0.878732525690926,0.954248252154321,0.829166542235318,0.734787852845828,0.834207670943787,0.753825019660153,0.872705900700465,0.410726314077997,0.518329567211178,0.0565565366276118,0.427352001353813,0.548986962912822,0.397682590561136,0.651760620630386,0.708354486662618,0.746318491162056,0.820352655033165,0.816637964502225,0.965150097388269,0.899966320581609,1
0.919572697515973,0.437631000516794,0.0125819160590873,0.0161387446838287,0.0806528580199132,0.119476575501565,0.198541963849415,0.06159487556335,0.0152425856352007,0.164487385345731,0.00411119957805611,0.227433918323872,0.131533131226188,0.0199124545759883,0.0312737338771752,0.114556471940684,0.209674113708988,0.00880069982258389,0.0697579350951644,0.166478749485753,0.0277186648843959,0.22524738364627,0.144069520239869,0.0309862983224225,-1
0.632326345272369,0.488137036798808,0.0621065971707823,0.043678940799694,0.0524162270446274,0.142273730241371,0.152049843531835,0.021878469436859,0.0942655935931804,0.051010523462999,0.187674000235715,0.212011265127173,0.00339885348771466,0.0246160736816289,0.0349691243001647,0.0172652128230772,0.209331308591278,0.175183230669397,0.0229958819773993,0.0384802921727592,0.0868563502069313,0.204689460085169,0.193570715198897,0.0255811517432862,1
0.958671617641037,0.439097097305798,0.44470607817428,0.21182654855265,0.134106534184999,0.240568914621903,0.0269242154003223,0.0363010893502008,0.0260778148099358,0.0682836860948422,0.00416644435500298,0.139434117193432,0.0436107805643222,0.0384961042926192,0.0332105542429051,0.0623208707045729,0.158471833710241,0.0532852265582414,0.0201454966091734,0.0641831776390214,0.0436629483869724,0.0891898460230863,0.262990750317286,0.14497515892793,1
0.933408505860314,0.656755911519617,0.709292859084232,0.351818806117974,0.31754945016029,0.344971530240606,0.211808041983564,0.169847721992759,0.0532212858638402,0.0591292883199072,0.0559564392131176,0.0354376907362761,0.00306746537421402,0.0240236720680339,0.00864779707218446,0.0466015961462935,0.04227074831406,0.0481769714738419,0.147862247009981,0.0456780383725852,0.0494922607161958,0.0523278266552807,0.268571031751238,0.257527615888245,-1
0.876866257979542,0.445615793921354,0.562966015689746,0.257543042713022,0.19930064757427,0.281884282141271,0.0897749083474489,0.105215089298233,0.00442714261280658,0.000757100038289649,0.0081401725073176,0.0940165176020231,0.0298925062861227,0.0712109552289882,0.0511448099757269,0.0500897698584976,0.0864468601735989,0.0178856596711668,0.0732884154278209,0.0191279666576722,0.0104567871513761,0.0362924901747586,0.225007232349838,0.173775310389669,-1
0.970437006977903,0.315519111381214,0.676114072390284,0.297682314237281,0.355607712164006,0.226286855087632,0.366473754221901,0.172405200191042,0.0716374339000599,0.127865157838245,0.0182041043706517,0.0994267655955168,0.00512508509063184,0.00777240703364274,0.0415272885807006,0.0306532307415517,0.0891550414789004,0.0325070131674522,0.150744899898564,0.119513567149988,0.0631501175102114,0.304812396438195,0.186283363889325,0.285986938204257,-1
0.9046321577785,0.559935855492983,0.00936381775640564,0.081463796801385,0.0250963813530495,0.204224847380538,0.102460576848455,0.0744443324533084,0.12758328873245,0.00293131169345541,0.166791663820773,0.0375650919911739,0.0773965931558225,0.0328958204835721,0.041462839270042,0.087857604351594,0.0350732114969965,0.150517037587439,0.0833563582871139,0.0145767114285148,0.138388496711144,0.154522464353426,0.202618243120853,0.00180202241691802,1
0.923727820850662,0.659960918872281,0.533438589890606,0.277539846133669,0.207355322777298,0.315871790980758,0.101187851204797,0.12071917742936,0.00431998417734007,0.0101733516956948,0.0687981509765511,0.0649682676074867,0.00762955383067713,0.0146329280434871,0.0135150091438098,0.0219695780242965,0.0668648167834793,0.0603705857831845,0.10767467479903,0.00542283988507769,0.0093046023229119,0.0254768213392609,0.269572101308171,0.201497406279716,-1
0.941965412383849,0.346218424023582,0.298563986019773,0.140071962479787,0.232779394248797,0.0404981140444333,0.320820723406976,0.153530355097955,0.0744898344302383,0.186769690970061,0.00798132757592308,0.19738178070821,0.112791554748986,0.0467514578020202,0.0407497985011475,0.115947061483188,0.188692425769541,0.0278748205087464,0.153281665431637,0.17935557281092,0.0773129410298469,0.278464636397776,0.0573144827976499,0.150953392578113,1
0.0861176215133107,0.669147867283862,0.684939896602197,0.306789039298883,0.356950056426415,0.202055863588116,0.369461348555334,0.146188583500464,0.00502380819880458,0.130967402782118,0.0421730256359207,0.119059527994707,0.141801278609824,0.0338910453215615,0.0138790124375756,0.0254410585664932,0.109098055628201,0.0382166069074034,0.134551059119505,0.153021264672048,0.0717043286123828,0.30097394374833,0.0268905757657673,0.237886130067842,-1
0.921382171349553,0.330730142816902,0.0644463136798165,0.292379658294926,0.415222433479001,0.213269524937701,0.565740399706674,0.503286646691288,0.538169730996015,0.667896877934506,0.578673794094322,0.779812092072562,0.682896662253502,0.730465937333055,0.745895424576353,0.676635276785092,0.773154185372846,0.589110266083996,0.510263097643768,0.656138945021253,0.539696918416171,0.726854110050403,0.402608412886442,0.459898264929273,-1
0.981875738670075,0.818558877870367,0.84273995961102,0.403413717896299,0.422760491487048,0.333827749616412,0.365920145971877,0.210624061540829,0.10627357239798,0.110024125152761,0.0526536519564702,0.0181564448298216,0.00596999388364723,0.00276253587329851,0.0351354715619798,0.00953047038059125,0.0325097615488713,0.0492961725766813,0.193515204670944,0.100035163118042,0.11735181265364,0.126286049376628,0.269118755362232,0.342300952764825,-1
0.927662950261374,0.507781846572195,0.275700669943732,0.153629001928351,0.0691972805687613,0.241106126513527,0.0345988056054574,0.0558985899645703,0.0011853017893002,0.0268017631197848,0.0745017710427078,0.11456560039071,0.106795826199769,0.024988921677547,0.001092739414124,0.078805250839156,0.105777731647852,0.0548793034535206,0.0197743683070319,0.0418734154405575,0.0151311004535339,0.0922244233891137,0.205596610181856,0.0909053182593026,1
0.977758709521356,0.255961424575863,0.834692555584402,0.425073976625613,0.419666482440738,0.342845239636578,0.341940212384101,0.234306370768971,0.170398583231544,0.127892856882076,0.0279032039604584,0.077137927064605,0.00580040146435638,0.0129460935090972,0.0386786009917052,0.0228864749582023,0.0818098739798973,0.0544044189344583,0.243227568203326,0.128991259891464,0.164385327386649,0.306256927015661,0.149483255298922,0.355842968249736,1
0.987153688136233,0.643354766588963,0.0539318647116014,0.442575762100534,0.534218620902476,0.429707072014228,0.711446190907552,0.759830906092491,0.733183517989455,0.942205786223625,0.793748403131025,0.902813309840695,0.864701646807423,0.883317406120695,0.879142319599431,0.84945382933328,0.928267816080512,0.808720812553298,0.691177153740738,0.872478606103441,0.802234621114839,0.837698385047002,0.746482740542388,0.466981726841667,1
0.989707903305528,0.349006447720674,0.794976125771889,0.801743532058493,0.746172491712872,0.839340049307996,0.738133397042184,0.582823164803515,0.759224510652983,0.666614405500197,0.80140673787458,0.480592027766441,0.51917652992491,0.00943604394583417,0.334459022268234,0.445529762319533,0.250106181417588,0.616884172664258,0.569091750699304,0.760054882520216,0.75276320548427,0.649335038872353,0.845928274452419,0.73848761161492,1
0.894165780183214,0.432578400690241,0.425596126054852,0.145638336932324,0.230078337752964,0.0663986681552207,0.265741865958156,0.0666982463533005,0.0242258514181405,0.00495330407464913,0.112619499056034,0.0845153644561847,0.0733059293748918,0.0396584871604706,0.00259429533261306,0.0843826485762251,0.0474235236642699,0.11802188278925,0.0447591232296402,0.00968444554695044,0.0295282674957463,0.264575942232896,0.0798835530003619,0.138439199465746,-1
0.849819385940769,0.41992472114218,0.27777219098169,0.102304849339938,0.199030421510555,0.0217860128395569,0.274915610150431,0.0595730730141157,0.0035722964127659,0.129407408547206,0.117644691509816,0.179852417043667,0.00653748807135482,0.0137778466846392,0.0231345483779541,0.00505242414362296,0.172889111490555,0.131437085205809,0.0670190796857741,0.129062976289161,0.03967393373033,0.25954613147866,0.0844701243148879,0.105138155956778,-1
1,0.384813810143793,0.0134933354569617,0.346709703322483,0.482651781359189,0.304789611475557,0.649299368552382,0.67420471777311,0.71155734957909,0.784142303008584,0.756513566335182,0.8542601975638,0.792733872867662,0.83730767061197,0.827432798776259,0.823104246924887,0.872198220797622,0.824848774434169,0.658606003895531,0.831174864203921,0.631835013986084,0.87225545921804,0.648019384745048,0.468877231054083,-1
0.982327154773821,0.506879121317846,0.792619396026824,0.818855331136705,0.799310484419536,0.838382757465051,0.68000819587817,0.60008759966951,0.766224188790561,0.669818097958994,0.819021239601687,0.470587747328044,0.5199488338294,0.0222566205772952,0.400712079131701,0.522818220731258,0.345115322974009,0.667005949477554,0.589752331843475,0.653799635665011,0.753291623945237,0.652473197487482,0.848824206708675,0.751256756622236,1
0.930900956068833,0.358302078042483,0.0333051157237514,0.0499398760823954,0.130284850139,0.201409669754955,0.0127533979335306,0.150106335222624,0.197826132318846,0.102709712369308,0.293155870209714,0.0703069827702035,0.127430720145046,0.216864203599057,0.0878542653911987,0.187558483275592,0.0137364843722272,0.289371517626173,0.135540342136273,0.0943904367833284,0.193135677334969,0.00177043903189959,0.207720238781661,0.130810849704351,1
0.838803499712865,0.212011790878261,0.391751270173127,0.159562304567943,0.248134092553701,0.0489172366638473,0.315141379394183,0.121102835325048,0.056343817443617,0.156394768508916,0.0520225480775033,0.212407922318337,0.00630501144060098,0.0363147798671275,0.0708867564177146,0.0232378564957569,0.216457496303622,0.0525057028356747,0.110695216992571,0.152688996026216,0.0510965880777913,0.3416006985622,0.013800598034737,0.176480706381116,-1
0.990336457374035,0.536409548925713,0.0142191849912566,0.361090649067097,0.467652826582518,0.27542630180077,0.618787972299923,0.583785433900408,0.466516353597393,0.76237428286066,0.66428090294023,0.861809032720467,0.753861519522449,0.831349897634477,0.81191869821582,0.7658691446755,0.862821903899181,0.67171692034071,0.572990599626374,0.762951644318796,0.61337272000292,0.800068686104502,0.361399238811963,0.483826413291259,1
0.961984859465786,0.522950736042692,0.254205289212415,0.200866489172158,0.0880820450048814,0.291391792324764,0.0229765311545095,0.110506108228538,0.174311764333813,0.0416972863555827,0.168991078625741,2.34145523670888e-05,0.095915722673915,0.0246771523417101,0.0258958493731329,0.0713639371547361,0.0459207771416502,0.145528832311172,0.115271788141885,0.0377148014550564,0.194495834387698,0.0985033175879537,0.282161589394264,0.109523579774195,1
0.957066900057046,0.458205151522545,0.0525869931246444,0.0453691768165599,0.0635327255988699,0.146164406403359,0.154012632271967,0.0126084298368395,0.0616666701785831,0.046924415835001,0.0929251980598697,0.0436529566966485,0.0107782004735049,0.0136169055745392,0.0133439761726755,0.0269642186595592,0.0386384874604237,0.0578254204515352,0.0057684039792282,0.0449139773437143,0.03706702070878,0.200718578531225,0.167879945276412,0.0136395027249366,1
0.00281325563389209,0.708799020532009,0.0188256335214736,0.326085622040608,0.437075066944066,0.270748512630611,0.594639165679511,0.555318859478848,0.751940299497961,0.747162965248813,0.634400788397026,0.853803119742775,0.678836882115399,0.793645539882736,0.809530445862409,0.768932644481387,0.849058137644299,0.647197308301064,0.569642566803043,0.753311532961035,0.677774238397192,0.800868364905714,0.479662940362543,0.514894432443732,-1
0.868431252851112,0.609707734381411,0.255910602049126,0.144064973793893,0.0436295234719692,0.214096330252858,0.0705505247353232,0.0097559888257397,0.00520571166747549,0.164181751617184,0.0991678593162566,0.119994877502771,0.122288505264181,0.00840429852111846,0.00375510319276485,0.0742454107637915,0.102026873402735,0.0704655440259678,0.00127474597064015,0.171828697846448,0.00674362272253708,0.159347307468278,0.229618790417011,0.0861593388725627,-1
0.994857284894036,0.377352464306864,0.000136874483609908,0.334614146682992,0.449726416941245,0.254659539239011,0.63123442534285,0.573611926827731,0.603190087964668,0.745906208626577,0.654525485199306,0.841148451576296,0.781375779355014,0.802923141244513,0.812502696012556,0.806429616651901,0.838729506156863,0.675249941102495,0.585616233811482,0.75779769785414,0.621647404693882,0.799108905634583,0.475951568000903,0.523388945850795,-1
0.926051566194839,0.541537560689975,0.736462264962469,0.372793423324761,0.3313232273944,0.377581549322242,0.220594310914507,0.182350026047703,0.11514399873833,0.053952325829038,0.0361892858440287,0.00264912110225449,0.0382086647365352,0.0146491734085131,0.0180527650190127,0.0326141247826006,0.00475412303590291,0.0377797388671141,0.174933013572762,0.0605085203756541,0.118869002833974,0.122362295467271,0.232639702274852,0.27858626468024,-1
0.927805803458762,0.612194110327665,0.76213352910611,0.355977612935684,0.36941475601573,0.32870030784412,0.300744603741442,0.0392867281445519,0.0750151538374385,0.068526343234112,0.0172171609696787,0.0278333806894047,0.000390532884194819,0.0315006176528624,0.0232460292819486,0.0295111903611345,0.0378587414522447,0.0126028032717156,0.00454911423216732,0.0528753726595372,0.063234147776324,0.0681747303259657,0.207932170092845,0.264771958988773,-1
0.927530572965128,0.653584174139472,0.659488898059375,0.327081605814391,0.28128400086645,0.335151985591493,0.165146817998121,0.136957526311261,0.0853706815745354,0.0464305173720603,0.0525720569696332,0.054306843084073,0.00570224232461588,0.0272754114139427,0.00633912520852762,0.0114085155643634,0.0527763253901506,0.056117005641073,0.121353976965228,0.0320775409581282,0.0739556410059657,0.0262284289680972,0.275892454296725,0.259187540958396,-1
0.988566030081074,0.696728674502115,0.910116600469189,0.87510991435805,0.927092354606117,0.96704809022766,0.807072511953705,0.742038882307853,0.846319818429776,0.768227533505214,0.895758052367348,0.480227029143481,0.546439438433028,0.0324890251550415,0.464678917347721,0.559396060005774,0.442193343088751,0.689971828742646,0.720995882151899,0.764379286659964,0.839106118372372,0.797987364411307,0.98209432891685,0.932450368482701,1
0.947504307023901,0.559141812148863,0.0268369927560505,0.00738785653739359,0.0755254789077713,0.0480507973017727,0.0987246340496891,0.0416314452409937,0.00620473127119825,0.0229459160796704,0.222716998424163,0.0980512952366363,0.121713582583286,0.360895060401071,0.111807833996053,0.19738974210742,0.00426881218707175,0.270936879462854,0.0564104559715694,0.0189551151945404,0.00455863074802154,0.106000485234051,0.0649934063816786,0.0675957961648674,1
0.878328122366144,0.538747318994715,0.172587704246248,0.000199066108934333,0.102454629750633,0.115296766391982,0.181422398923862,0.00281315572861579,0.0598033942730461,0.000765667781861561,0.160259979046277,0.0466768008553165,0.0845510150834884,0.0428364129929415,0.0523115855019218,0.0799349120534945,0.0367519737342902,0.144819230618424,0.0112253883351893,0.033663214845771,0.0651797013726067,0.221324455403096,0.173930235015357,0.0406168771642134,-1
0.972216005462706,0.552594281557123,0.00685228153713029,0.0120033170836486,0.0208232070169262,0.0338974493247026,0.00696740899019355,0.11823798348045,0.0322681145470967,0.0846463613240243,0.0276071069170263,0.28570532906293,0.290238826775261,0.712456869169462,0.345449842975193,0.325767130540618,0.355132309656709,0.220243302976915,0.156319249649255,0.0924282212772832,0.0208845070417588,0.00626452601594265,0.0670292701207568,0.032198861481957,1
0.838482556196067,0.511426017562109,0.290114003063887,0.0546161892383096,0.147737349917562,0.065757241628323,0.225433079672523,0.0128075816012283,0.0987753395420935,0.00239437911717195,0.142492366754962,0.0805363451216111,0.0597505525321515,0.0463059865799183,0.021995417354355,0.0802775682750535,0.0565496599820212,0.145656478385081,0.00361737773639808,0.0068777686555774,0.122561993854868,0.237074940787601,0.162587064653938,0.081371643211533,-1
0.939341675325158,0.435925359925653,0.110311639661316,0.0135742852622249,0.117757779816476,0.10452614986556,0.22890809313788,0.0602536663302325,0.0688236623037057,0.108238889339888,0.00400871563938224,0.15542548690393,0.0495987547217591,0.022941374204904,0.0272557545073659,0.0591880789971053,0.150497760325793,0.00881607956638892,0.0662771639854705,0.107770777327321,0.0799535936453291,0.229892962798707,0.145891142027435,0.0501361592483527,1
0.885657443746792,0.671727399153168,0.734784908848623,0.366362176764888,0.328313896963869,0.301547286863784,0.261166604587925,0.148573531991082,0.0580527951042491,0.0513001414370165,0.00109825912992233,0.0479588023754944,0.00364454876860283,0.0517686709412753,0.0382811867600083,0.0313914909452954,0.0496760083665863,0.00387931478735897,0.135642915455507,0.0378206595411476,0.0526140041939259,0.0498699873446751,0.218372590452817,0.247609615484103,-1
0.933131370657382,0.585558170328951,0.0439583074966918,0.0360420893098619,0.0705060672088211,0.151592007936925,0.162780283362612,0.00968658734551135,0.0340089813550406,0.0560335313989315,0.0869037756499742,0.0862892112971352,0.00135109403169337,0.0321819482725241,0.0329429735164311,0.0247186366739089,0.0702542494432412,0.078894784530538,0.00956404658335861,0.0550447764983443,0.0219562841040687,0.184080795680149,0.197984349873501,0.00706668263089058,1
0.990154557636027,0.377727305997245,0.0296511608615295,0.335974596095842,0.480723924996101,0.304137591208179,0.654420133324042,0.670429470652452,0.739379369614196,0.768622395651871,0.771564782278321,0.847115349519363,0.808782198685341,0.830445696500327,0.815314844493996,0.817241041772433,0.860342401890029,0.81649694230699,0.644249114878339,0.827319981020072,0.796362290996811,0.860275208961712,0.797890307959293,0.459622856877404,1
0.925034451429437,0.559529961828252,0.0816817145644405,0.295938394868783,0.41033311101599,0.23545231624808,0.581476817610188,0.531176689197036,0.560634566696862,0.708318816342647,0.627083395549008,0.746674364819442,0.696249805057554,0.780849019978697,0.776687206134631,0.723364225489513,0.75375865627416,0.640517003958576,0.538363843900043,0.711048010591596,0.565990921488796,0.763161518526998,0.41097019952152,0.46532264219185,-1
0.857468698483566,0.174556455816367,0.599390579778841,0.283557142343626,0.356169915511651,0.17843671236431,0.35097947120008,0.157969678964469,0.0816789122562064,0.148584852038909,0.0270781275620891,0.196958731909701,0.00159666947583007,0.0026785241533635,0.0595443309529527,0.00349359562033724,0.188093840232807,0.0445286416225838,0.149247239624433,0.13605203950731,0.0740272316437829,0.429143770120267,0.122844624953271,0.248141363989079,-1
0.990377408623952,0.724384893658078,0.03145956312983,0.419366826934244,0.516524483112177,0.379570363439083,0.657712586811604,0.708814882652943,0.743571876524284,0.799895311758597,0.737461467759008,0.95480570459666,0.954733534414393,0.926690856120861,0.866627844085861,0.941265914769503,0.93716880522678,0.740640273948057,0.730402062574037,0.805391029661115,0.742511721433051,0.867563567828358,0.46740811159667,0.542138261478377,-1
0.95099754387736,0.488942170133767,0.00324102186341748,0.393840980054484,0.489903640363539,0.349924179831503,0.649491822371761,0.626307773475218,0.664550504195825,0.797903580636491,0.76441744560691,0.876631294981933,0.810533362533223,0.790715596391159,0.804695873192842,0.871227656277479,0.867352864077831,0.764004333529105,0.640945047798229,0.786736281858573,0.671361046683324,0.787571630979756,0.323112542348136,0.481981511160662,-1
0.949995666786346,0.688220433529922,0.19004783592412,0.153421952086871,0.0645951295723259,0.248252698340678,0.0462146735616908,0.0556348548966668,0.0442959400830254,0.024712795354671,0.118782704597558,0.0650372602833017,0.00371551612119293,0.00991459085494641,0.0472560430078682,0.0481719698269692,0.0415352418162637,0.102939525094833,0.0684309839590082,0.019286224045503,0.0542696341665521,0.074321132613259,0.283907706176353,0.0981912447071898,1
0.887334540284126,0.649806923259481,0.0472371320159673,0.058481384206152,0.10190430145668,0.00523684046116275,0.196295853722434,0.13635060367404,0.0434595908064832,0.192276783214801,0.0534486748699858,0.311194078616378,0.167570244401423,0.345443700447753,0.24806775498418,0.151606276689056,0.328131433469101,0.0277857888443724,0.142191176311289,0.195957493102836,0.0368673801315368,0.203781792190032,0.0025969523327738,0.090282275404456,1
0.9672542377401,0.9477084751928,0.847537578192817,0.409972285886187,0.4236184273071,0.337206412030458,0.352186075407867,0.220194908218461,0.121527310627446,0.0713294668705145,0.0488816744103084,0.0186983076090626,0.00518353677944635,0.0145499787490475,0.0438516718454259,0.0483135462323631,0.0269435531607876,0.0628265622466459,0.170943120387549,0.053621812712805,0.133405100544761,0.0760111019318988,0.272640105622027,0.334437220620586,-1
0.982956661196976,0.375609117746869,0.013970322293784,0.337612942187536,0.484472626762363,0.31428123475716,0.652642424121764,0.697480845867718,0.750636258963205,0.788606070258917,0.774812440480338,0.843846952759224,0.801226727190075,0.84410825859157,0.863242481857909,0.840565283321886,0.8569777782202,0.810337590544545,0.645824415753341,0.858790328200125,0.82402420936321,0.830936785556673,0.656424307581021,0.452854621048475,1
0.907350177947466,0.578405126237366,0.0892264020094833,0.295633123293217,0.388779942330218,0.228274286510646,0.546259427748523,0.507352233625664,0.608137478390422,0.687134793991459,0.618054656884704,0.748047257367165,0.665407421417455,0.77457104366379,0.756413191713868,0.676080312969728,0.744846883077668,0.635216228502411,0.559999966818307,0.680617079944653,0.612909835385621,0.745120632044888,0.419839666059442,0.458150419250691,-1
0.925092545063041,0.456193427184229,0.0209118127059019,0.00982726004677667,0.0879860771098143,0.0771451296114919,0.111508982314287,0.0861534867659584,0.00529102042104996,0.124436704085157,0.123186245176558,0.235824436644232,0.10676922789113,0.266499927372647,0.184010145244596,0.0975756378901985,0.275810877511016,0.0297195772655266,0.0796718860056892,0.131495960511788,9.32522742967384e-05,0.115366150879899,0.0887591560374804,0.027349533270183,1
0.978183459694923,0.322250735820892,0.0475596535624432,0.0195551285028049,0.102147204352197,0.117004283150462,0.192506954255297,0.0259562537340567,0.0498834101814614,0.0881937189305132,0.00475641749795185,0.104248584735403,0.0345359011744866,0.0264533162896916,0.0406502244939272,0.0420114480764343,0.101932421078983,0.00592244715081146,0.0417210063895286,0.0804426362797151,0.00978283866069675,0.15030066607214,0.000109296472829675,0.0865567569115577,-1
0.879400473701203,0.672519224499121,0.459406583835712,0.240497711683842,0.170130272795489,0.309743642345249,0.0482564566098591,0.0952848870402752,0.0042918437327714,0.0124592678496343,0.119282972343098,0.0771632170069869,0.00192651162328978,0.0174031878065667,0.0151210582642111,0.022967027013356,0.0753387895333763,0.106615634506531,0.0832637027823059,0.0156104371436124,0.0244466541991899,0.0524814502561917,0.255257166468814,0.177840567783806,-1
0.931125711766056,0.418088218659131,0.08861408924732,0.0309094654012673,0.13149387329654,0.0780684808766793,0.238818094011533,0.0814743368271646,0.0112648834821148,0.141968876386967,0.00554023811374506,0.158549191993119,0.0862505730023328,0.0416473432579918,0.0382570390208021,0.0904568809106281,0.152922303553169,0.0299776057656311,0.0816615471073178,0.139172712409966,0.0239939290737703,0.238324989028269,0.117895952831363,0.061342079104994,1
0.932472341240099,0.480515995093788,0.0389470121544541,0.379765305885437,0.464860587116876,0.327208822348534,0.630127815881422,0.663915074774945,0.736774606713984,0.84228990181537,0.733482982768747,0.959417130380826,0.874594768574282,0.788679899525834,0.759947042017978,0.859059099913396,0.893465197381301,0.738182340039353,0.677929362811949,0.842807536226113,0.745015280169625,0.895912347239781,0.420027142624871,0.500934064657847,-1
0.934421811207119,0.578611400066984,0.0595982314859073,0.0370115255427616,0.0697513817639139,0.0110528297134968,0.120557442460509,0.0213486218651766,0.080010325436126,0.0472230186900722,0.279369584314043,0.113454627812927,0.117432938850852,0.381370413300491,0.0895195004691483,0.201109464273004,0.00886315161296682,0.250837586975372,0.0345097581968281,0.0729157416501943,0.122136404718978,0.12696354190019,0.0173502759734039,0.0272666096205184,1
0.992937337921143,0.655831006283589,0.915208331259477,0.876878498594755,0.843173364391398,0.973472065991751,0.777568180083684,0.702890291368446,0.805405131880639,0.641414568754127,0.865830653911624,0.381484947124972,0.541385866589685,0.0496514263150734,0.429322993917796,0.540538074333629,0.402948525239655,0.640166937097465,0.702846325625226,0.552234621114838,0.728684080419151,0.766217552451961,0.923647265330772,0.937268350305769,1
0.967458041635041,0.769525592371861,0.746009440259908,0.394744100662665,0.347989184837459,0.385904285653561,0.299626425292789,0.201936655165278,0.261901161556826,0.218773571667617,0.134566160186552,0.0202205054849794,0.00411963673064406,0.00849505597189602,0.0321128416305698,0.0053910751820329,0.0427337450020526,0.135109130449028,0.200453631758682,0.158166232028332,0.244832494552443,0.302605480545656,0.339953266451406,0.317882186494463,-1
0.91946222437666,0.610634857615608,0.648573376276168,0.334288692219266,0.267370293640693,0.362644540544218,0.169608292178949,0.183977140592499,0.0687741100299258,0.0482438571463851,0.0890430659122583,0.00275054656779904,0.0611563577206759,0.00344361559105744,0.00264019838808677,0.0436242868983889,0.0371089070338579,0.0822373835181292,0.173755668986667,0.00189282847224544,0.101941006790779,0.0182111731254002,0.337195004463426,0.235028670188378,-1
0.988161279355142,0.368079013966734,0.825226216192003,0.792410351360947,0.802552335825278,0.863672184782212,0.782469945681569,0.649637821820945,0.785438048120091,0.755361332045884,0.851255595262982,0.762266442358422,0.463272843107001,0.0209077847569939,0.340671464739474,0.487357774968394,0.290683244240488,0.663877745370324,0.644549409199956,0.695841670233699,0.755276718728743,0.733015120897498,0.852933759386271,0.777864326693676,1
0.937480774340518,0.346136358091368,0.710061064065494,0.297887016310162,0.346401879608822,0.218027491808151,0.334027443466258,0.15711944584162,0.0472547667887409,0.0881371500567569,0.0498863094740261,0.0585844900936702,0.00115570213090541,0.00388265324173864,0.00509231966345153,0.00159813465246875,0.0526909846873466,0.0530178770451814,0.13395565741879,0.083178074728419,0.0344638961934428,0.294477889974565,0.0366371454112414,0.2673412353751,-1
0.922864987538439,0.637113319744398,0.0339411212895146,0.000315134659041499,0.00466186202004033,0.0908387433964154,0.10259459302571,0.0628620677598741,0.0468592597203247,0.0950028324329801,0.121621989502976,0.28307470282938,0.117439564201801,0.282476187029559,0.161641727807041,0.0713903411400385,0.251843882917704,0.0545354682496883,0.0495914983141929,0.0848099072403817,0.0321773576298961,0.098260590213114,0.101202875450267,0.00169976510724087,1
0.969898926601075,0.654968204996263,0.523977972968351,0.337232821823287,0.262314581227721,0.386121821845246,0.109381025370813,0.174635118018478,0.205017111301076,0.206930762501771,0.140757554086071,0.00273515141060515,0.0680060294044574,0.0157987052872356,0.0316655743116824,0.0653021467287816,0.00128148160083669,0.147171022348746,0.166808531331442,0.070786034374857,0.199888416532027,0.00695131136614587,0.329826197130908,0.248304201637689,1
0.923542111694058,0.487334121462016,0.587165273038503,0.244667248174581,0.328364955297338,0.134523158409692,0.370622624810248,0.148747857336541,0.0420175935112849,0.139234788031375,0.00166249720954095,0.103528840156425,0.0615143890487834,0.000840921397109128,0.0180113169846707,0.0107983493621908,0.0982633373345117,0.00562089630776351,0.135142813437416,0.135952887432705,0.0460589822807934,0.183807989146739,0.018987157681452,0.203331367772849,-1
0.944266301216443,0.629412430105333,0.697495206481258,0.345474501512575,0.297448364977898,0.36861240330381,0.20840380128549,0.178238709654626,0.0585723542467553,0.0503553912670197,0.0666885494912334,0.0352902256569147,0.00112400370850981,0.0207860762488623,0.0186118645651127,0.00880249021455305,0.0296019722586209,0.064189534282305,0.16255838511456,0.0334198145478372,0.0632681712084483,0.0557140775914154,0.268162981807864,0.255445685458129,-1
0.94862713315537,0.555792634915284,0.394278757536226,0.0968946179529052,0.189788616845548,0.00821406948113638,0.226671983089521,0.0310604987545727,0.0912602579541402,0.0298682558608399,0.175835611417668,0.00180916989231604,0.0604265773096346,0.0559859028620881,0.0531476990744523,0.0632065626794936,0.0398085589809827,0.174360480754371,0.0340428520823371,0.0179654366161104,0.0983080125673941,0.231657579267722,0.137154454288601,0.132235055436979,1
0.992902100799121,0.413250764654868,0.844814199110067,0.813739543618994,0.815818376685215,0.853998062189129,0.812370798782896,0.648748552448643,0.829790358063649,0.787282120708363,0.8336352867396,0.780254238131738,0.457597944062302,0.00289178454463102,0.343906679806617,0.47669981517797,0.305733630641303,0.645305951800273,0.66336840638283,0.695764522797482,0.769523278616722,0.737202650553637,0.842725411535947,0.782104117516284,1
0.79199812576605,0.623071173343211,0.236787028855891,0.151298966783111,0.0518456302038773,0.239238537913731,0.0637610577909276,0.047191789611768,0.124022358086823,0.0298435625109568,0.183823493014414,0.136603430352997,0.00302322430807127,0.00824060008945172,0.00728829490138289,0.00594297341392683,0.137963200641824,0.159500129650744,0.0456182266080354,0.0282302256253986,0.109420217129245,0.116259821798952,0.261023282500614,0.0948400119510761,-1
0.986480373399211,0.390019451843933,0.837577800698394,0.434598524803855,0.397458241219873,0.354964317206563,0.329908512993825,0.200760642022348,0.0909138933227791,0.107222246108171,0.00271824092379335,0.00357634981496094,0.0348387467718875,0.00150555941899105,0.0317263035075823,0.0230456612247532,0.0434870424632098,0.0123376933053423,0.123442503578431,0.159625198867176,0.145451573953293,0.274430158324289,0.124663471975892,0.337791960901627,1
0.861780960335381,0.333955112153077,0.339810353849306,0.112525137797002,0.190486627287223,0.000427650189596054,0.273480887535721,0.0649239123116873,0.00271425752877256,0.0514961993315688,0.0919958929394635,0.105231744168906,0.04665828243137,0.0034324842277702,0.0341042639159012,0.0545069650419206,0.0893149145975504,0.0755192197618672,0.0511676121761229,0.0397375168877439,0.00663811827239788,0.272461887646636,0.0852677879189144,0.137419223784403,-1
0.980881480416255,0.297220626495762,0.81354361124318,0.420857492595051,0.436533191645477,0.333156199844872,0.390307401390669,0.218590129263217,0.107008048529876,0.120590749691783,0.00486085435149098,0.0704964304355018,0.00440486245562476,0.00491127386484211,0.031463713490924,0.0358453404700938,0.0643510206469329,0.00945156034750498,0.203314415977036,0.114721360087569,0.100820833549678,0.303849288254283,0.124074217118578,0.31880538297839,-1
0.992937337921143,0.655831006283589,0.0496514263150734,0.429322993917796,0.540538074333629,0.402948525239655,0.640166937097465,0.702846325625226,0.552234621114838,0.728684080419151,0.766217552451961,0.923647265330772,0.937268350305769,0.915208331259477,0.876878498594755,0.843173364391398,0.973472065991751,0.777568180083684,0.702890291368446,0.805405131880639,0.641414568754127,0.865830653911624,0.381484947124972,0.541385866589685,-1
0.979437710767988,0.795378579017294,0.817630332821561,0.419701253777111,0.401262138931512,0.377570123683817,0.36502865038184,0.232475629591123,0.139024505925825,0.227068136829605,0.0832814841430613,0.020117379333989,0.00263426948805925,0.00781012933480996,0.0445783126785878,0.0313948772191283,0.0102651580184567,0.079109730560557,0.174848194241166,0.135987944066408,0.157137675756208,0.22749310724154,0.307308381909171,0.347959600221544,-1
0.904113124494657,0.383341059360285,0.51656609896445,0.211434905827665,0.302170824913597,0.102655865695853,0.346360550473701,0.131475689157245,0.0110624124422587,0.10455518965137,0.00482280251742379,0.10768725410865,0.0645310439619237,0.018254809779026,0.00688433540834464,0.0577473561693575,0.0939190469544453,0.00177768997071778,0.124384089336743,0.112487277709603,0.0187887374400967,0.257414468774001,0.0128667274112637,0.203033161972998,-1
0.9196660282716,0.523511889579179,0.0277146611637617,0.0251873459092773,0.0683300337081861,0.0145659862244961,0.10396955879868,0.0948848613296659,0.0415507335222703,0.122966496040313,0.0952097644736461,0.247247119367779,0.114522940235939,0.324801990812161,0.212408259614599,0.115063239663032,0.296887038224958,0.0229706266176092,0.0984126391851957,0.12178264222929,0.0357207160046337,0.127711188899056,0.00671687794111748,0.0473484103707261,1
0.927800089330866,0.12737076279175,0.766201662058465,0.344369064723291,0.367917494639491,0.240634044473771,0.348186865549853,0.196107770982484,0.053366809352464,0.138420863686981,0.0186498920090208,0.11138525988993,0.010169492660065,0.00843144879748576,0.0621150856926361,0.0130767376846586,0.104659327220794,0.0318121199349568,0.191108875708082,0.134683991774178,0.0412585622142766,0.337155171918294,0.0713497431622568,0.310879779218963,-1
0.959816347929438,0.261515291988369,0.630158950973701,0.335594394030565,0.243200177031621,0.337697026921045,0.116836132095831,0.0846786609811057,0.036324589106527,0.014880150342743,0.00512001961344338,0.0591551563921068,0.00836991562701046,0.0487184099819165,0.025700431327963,0.027234771604762,0.056137393676323,0.0135278774213373,0.10704644560037,0.00466548989395543,0.00156213081537774,0.040594360019062,0.00146399289397186,0.24369314553195,-1
0.884176532267204,0.440458948180909,0.152054473786957,0.0166869229827095,0.117019226920452,0.101034329596317,0.191812516144633,0.00527291674905524,0.0543955821173743,0.0027030938682511,0.134085255849422,0.0777948911463846,0.0652992132647336,0.0163688619775142,0.0039837831717121,0.0702556562774181,0.0636335505660023,0.0939027762949003,0.0198201641243376,0.00701033901853049,0.0666531187684304,0.235186344797431,0.144804598482376,0.0696685286870904,-1
0.957104994243016,0.393430733026214,0.0149977918307952,0.0353021695843349,0.0881689854007467,0.137220635805861,0.196617152398018,0.0424823575768416,0.0922813057751575,0.0703465777781612,0.00152293775964355,0.0842526635606149,0.0584197371620289,0.0457107216361568,0.0413046859463939,0.0248154226067111,0.0792562949398574,0.0392396522926777,0.0378920229756676,0.0679172395967159,0.084450736083039,0.213860013916166,0.15224628796334,0.0228655008426191,1
0.950261373733488,0.456909840592472,0.240591120900544,0.140575043150322,0.0450063963432213,0.195964117474445,0.0707847249205943,0.00193613955775442,0.0235635418974814,0.0859142684754436,0.00188814114657542,0.152304631505124,0.0685103248573552,0.0668453978919998,0.0291672734919746,0.0507328107695502,0.148372336297378,0.0151715150472367,0.029506124969637,0.101275343459187,0.0321512603322715,0.127095548773915,0.211638246878193,0.0834074505250433,1
0.977191106150402,0.689491346480148,0.00990722398638222,0.392344485700349,0.487249104923831,0.380998005780251,0.652766025928175,0.745264142867097,0.724602732180601,0.934880927494683,0.791331946338566,0.906526341286985,0.842678957165752,0.898468167142824,0.852562953967037,0.848550457741455,0.89669626473682,0.787613108096001,0.715305221803027,0.885422784541313,0.773901603007589,0.893026369491424,0.690471213222241,0.487999840727874,-1
0.804146361671916,0,0.525581601734743,0.239346197004679,0.313870783967438,0.133413317882079,0.356289350398423,0.161927952716246,0.0729827211284725,0.18586115322205,0.00811702941225095,0.271593304133158,0.0651088666043267,0.0595790071835866,0.124625103018938,0.0395032644487074,0.251297142899734,0.0167180121694322,0.157154030997407,0.1765622974355,0.0750424432559016,0.412490200203377,0.0406473933008821,0.244686148918635,-1
0.979016770013019,0.305161059936964,0.00619795321112581,0.0337055362466118,0.0523352385470532,0.072879783353384,0.00415924174836443,0.154364996041172,0.187002562246635,0.092631741963497,0.303622884002806,0.231764738382335,0.322451233590864,0.766536504964299,0.354350025332479,0.39308190271499,0.276925644829384,0.46331477602464,0.23495770513461,0.0997516808713568,0.264122800122355,0.0128212050838586,0.0773108947088248,0.00184920664544645,1
0.958853517379044,0.54468711808844,0.0324662174850778,0.00659604767930122,0.0138358056376838,0.0247166021487384,0.0521993186495766,0.109403607850066,0.0690263399738841,0.0245489262299182,0.253299222468914,0.0194906823448571,0.205604680396163,0.587168319548146,0.229440892790592,0.292970902532475,0.142299264508696,0.324046346058085,0.127251508058545,0.0293810202266494,0.0004933838169387,0.0563882936065676,0.0339827351778035,0.00936005487893428,1
0.86694272253433,0.586906713215055,0.570845122998802,0.258356532408552,0.211225625200961,0.290844707190769,0.108552115613201,0.0771691430668125,0.00605553046617847,0.00378074338843746,0.0300698465623869,0.126038698194286,0.102905938600475,0.0724487849583652,0.0310337828381751,0.108249052479484,0.131793888336288,0.0184786544488274,0.0488105443285313,0.0193564646701843,0.00768954667024306,0.076636646563238,0.243316995305468,0.177888473942354,-1
0.959391597755872,0.737209359065069,0.612679798928171,0.34772641426778,0.277240761968369,0.342943634995261,0.16262604290054,0.10950644942048,0.122022121477507,0.0333116998190249,0.0970343494610628,0.000210540055315733,0.0391447966742376,0.0179123179835946,0.0366367938189669,0.0434683050879388,0.00560883782277211,0.0897172355212194,0.147539832516363,0.0278468572855557,0.0859773012232114,0.0318984991339875,0.136439086540482,0.317235540620167,1
0.938225515676234,0.395402533397507,0.0741580896132792,0.0387534958720335,0.0729402402775704,0.108795368385992,0.181138361738795,0.0726040526503041,0.00931539518602845,0.166238838044594,0.0015997837523586,0.202364525079568,0.118207744522106,0.0654850029997746,0.043483393394269,0.116234454318688,0.193668382626992,0.0251272564657768,0.0849190633574264,0.171452159322691,0.0235977147080325,0.219079543854028,0.151084592054618,0.0190905435105409,1
0.831192281356039,0.595233078337477,0.124333387848085,0.128941773133325,0.030519636024613,0.235234405128051,0.0887498133354007,0.0465261004231896,0.0983466796766957,0.00750855348492405,0.14776868507734,0.115115737981628,0.0235951378063255,0.00377540573805814,0.0335348618781088,0.0272202611323154,0.101119110681543,0.149076971302975,0.0458639339482454,0.000823078353347561,0.0958889514594723,0.13811696294341,0.224319929050648,0.0506175319139653,-1
0.81609269839214,1,0.647491568982249,0.340110845449287,0.290475141441336,0.347102341289919,0.193473049603061,0.174424658002085,0.158511432086389,0.0825008558703695,0.208772680536503,0.0211792814039679,0.0028972945389582,0.00480991573220561,0.0758497314846735,0.0684278937682832,0.0210001866272043,0.186786949236857,0.186951609516198,0.0851793512264195,0.148876050440669,0.00173405023616357,0.387563299507666,0.274749076806911,-1
0.86931313325632,0.622960273434814,0.358034800255878,0.202094422171279,0.115679834199126,0.262980976941296,0.00133613285599768,0.0847267114858063,0.00297872622418237,0.0220589979295039,0.122577289166854,0.109403848325587,0.007867524361887,0.0240105287901293,0.014949462080567,0.0191004598232236,0.101606729491445,0.109533108246422,0.0513895138489721,0.0268808154021252,0.00533281032139141,0.074365604367472,0.243550282549797,0.128453636095174,-1
0.991632612051667,0.657405784982822,0.0237597512700293,0.440457111002718,0.553413400758534,0.417701105945828,0.656137285936603,0.698734284320655,0.585070394961692,0.83327028811664,0.800873342159664,0.987560183295672,0.927814056428787,0.915436455398827,0.873064262984826,0.861307989156223,0.972811750301124,0.807557794213776,0.689553739410892,0.730058632051525,0.576960789193386,0.886766643107665,0.457991976666633,0.519397188183335,-1
0.938011235880152,0.45910122278239,0.0146317512052459,0.0193148307797522,0.0058251811692657,0.0938356018285663,0.0530186429663211,0.102416683268997,0.0224367597564514,0.0359748727756981,0.248027246750875,0.0359403830525162,0.190831532265679,0.487612070606003,0.189858040220676,0.267456101905943,0.0770300855547878,0.313338954944971,0.114960414179515,0.0306580787350095,0.0146988869390792,0.0602276787284287,0.104442992933722,0.019887612996394,1
0.962105808506241,0.305575825594368,0.658553169202209,0.313527244002405,0.384053833473166,0.19877104675053,0.428954896509939,0.199927197254259,0.120878343912975,0.167358297509774,0.0038435787413479,0.135864957064108,0.0990179873925398,0.0770230467690218,0.0737795891231916,0.105368490040678,0.132244373212871,0.0219307870071965,0.196685302333284,0.173791761033772,0.126568988158189,0.351987182452188,0.0575000404136878,0.279398333447561,1
0.929932411390543,0.589570529014743,0.0192221261194694,0.00182801444934354,0.0430166180746852,0.0959649786811232,0.0737362211205432,0.0863911392527741,0.0775287280136177,0.0865675696323396,0.0879485273289021,0.287586283961792,0.138599915715651,0.337096333998721,0.204448535758756,0.106086479096066,0.270260365706952,0.0104729753073531,0.0692693184943458,0.0777832085753699,0.039619960243192,0.0474424150062821,0.0861004598295301,0.00256318690325911,1
0.923652584833371,0.419629727385845,0.381076037529337,0.149624512026628,0.223831584616685,0.0256691724255715,0.321283640313681,0.0891633046235961,0.0417775481239615,0.139364439610659,0.0743529518337143,0.173066082491056,0.01013734484723,0.0151142506871177,0.0579252096253761,0.0163124168262378,0.178826397766694,0.0628237611838037,0.108840650714714,0.131134761857315,0.043230289202621,0.309716190956099,0.0280212217111951,0.143339507134788,1
0.892777247104604,0.477342039715475,0.254577508539102,0.0616958544901441,0.153636132441489,0.0589702823050515,0.202825026084653,0.00363288835211163,0.0473776551446817,0.00760591474297154,0.130372381851941,0.0419690166763867,0.0707967353292463,0.0390880753980435,0.010372766711044,0.0709119004643001,0.0293981936563313,0.117219008191742,0.00923105786938285,0.0126617226269869,0.0573139708320128,0.226727046379734,0.134624852558625,0.0818815350327326,-1
0.987765099821053,0.364437060974988,0.0147293535210754,0.334715350846631,0.478250229783224,0.309638286364647,0.651802927288956,0.677404262520282,0.745674766317927,0.782106606143259,0.771164113335391,0.859433223501929,0.805497211078704,0.836237561012838,0.819776952659679,0.833235447338994,0.861587544919717,0.815870637851684,0.643266107223323,0.835638631454254,0.803964216862273,0.868460303081584,0.793706096472454,0.456449027942304,1
0.879129052626166,0.406638912116259,0.139852759470023,0.0852500843048589,0.0177287905527194,0.184835316844633,0.135475601934986,0.0321153806937065,0.00257184996135216,0.0601984638075562,0.0350195793274158,0.112549954023801,0.00905179581943463,0.0348702997477319,0.0541136406109328,0.0268625072656984,0.0934254897268017,0.0214306670352007,0.0224369524156961,0.0443849532056811,0.0180734986956155,0.181824400926594,0.17344410622044,0.0186649526521001,-1
0.988618409586783,0.730269242797605,0.0321331514976557,0.460183627489042,0.560496033128602,0.437169634769105,0.685983389244486,0.711719110332447,0.771966280763577,0.923464766019292,0.773525820334405,1,0.966229331952975,0.923721924140014,0.847992175756791,0.954788284207837,0.976788576206735,0.782726274259965,0.706322107966593,0.933357058243826,0.780183727034121,0.904352940395725,0.45566925815689,0.559221856117543,-1
0.964339080158738,0.705984380856901,0.490396370315502,0.287300082702829,0.199242958728135,0.325289567495624,0.0741365476939609,0.0959137096239321,0.129316454456987,0.0289032511366669,0.0931335375130536,0.000784444846334621,0.0379683492829839,0.0339026432606499,0.0262538923247729,0.046719948639229,0.00282019475932069,0.0859933912343921,0.134490798289974,0.031745293813919,0.0714741209432116,0.0147623450105076,0.123929769373734,0.272310694981808,1
0.984106153258624,0.88863209398989,0.848353011243758,0.41052623302392,0.438109008652889,0.327011750485387,0.373963606191852,0.216262644164434,0.121830499269489,0.110210855792204,0.0442654638129721,0.0054132348054749,0.0143441573729563,0.00245052968591608,0.0393775508080302,0.0256296703197538,0.0416385869378382,0.0381879107781488,0.136419557020699,0.178196894890839,0.136030611207155,0.107837196390758,0.282770674714673,0.339536092459185,-1
0.858768662579796,0.519956438515982,0.0374784315256623,0.0550785338111175,0.0572107513555026,0.144897592715465,0.154730629744949,0.026458890083672,0.00347992554097713,0.105376366504618,0.0325550554948254,0.0972795925408787,0.0404716601009555,0.0368745483711565,0.0227425391877746,0.0236839691840732,0.0772892612447057,0.0283877313197332,0.0262478468548239,0.0765650870920516,0.0138195195222892,0.0623722167522653,0.0851417243754808,0.0314883288732901,-1
0.908537764195084,0.541932364363867,0.104569884200758,0.0238498855967557,0.0830113773243254,0.129942819803435,0.164372159615488,0.0268814671153665,0.0705261391405339,0.00240349049690184,0.138538450138861,0.0584375805740031,0.0747458750250163,0.0269100298089456,0.00158672883412762,0.081268773493899,0.0398889676680442,0.123977392221398,0.0346570398714599,0.00166386079499581,0.0785180067011827,0.206638686219862,0.178357685227571,0.0177230091810443,-1
0.936158906087356,0.414745695420056,0.500539933030708,0.189243727003401,0.25702129772621,0.0743180505753094,0.304931438185145,0.100784733525354,0.00611849168546995,0.00291037321959114,0.0789051687660494,0.0675950596168186,0.0158756404941717,0.0175035841681284,0.00996454051161931,0.0108378613453646,0.058652413909996,0.0702259705857409,0.0886663932723746,0.00563202307764717,0.0120187429132674,0.27041964819344,0.0395803133323326,0.180181196542733,1
0.806402489835995,0.352601822750894,0.202362931082313,0.0536465942978961,0.155844997817847,0.0214308784569679,0.25842406928568,0.0941185123641176,0.0661206366177684,0.20143254832821,0.00171480475016375,0.208703107894085,0.0965776110726176,0.0496340470220084,0.0559430986572752,0.115803570093511,0.194135297826523,0.0138077384803987,0.142085468443189,0.200519614570214,0.0565020498204259,0.286797072878611,0.0281508430565793,0.118405941194228,1
0.990215508333579,0.321687364286237,0.846889307411883,0.415887292760256,0.422910865599552,0.41876690878612,0.358003871536747,0.252368322765548,0.190541881382379,0.206512060122573,0.0575092220529511,0.0669212725494484,0.00672865773633419,0.00921380643750402,0.0253740097299403,0.00739726719668121,0.0629000834438232,0.05817238488316,0.203953267201853,0.193132378206635,0.182701624286803,0.389428485826449,0.313091082508379,0.337011380193086,1
0.943153950986116,0.436548617410842,0.116961210534088,0.0339684559858301,0.146746905742938,0.0640287896611721,0.257317307863312,0.0940123536128396,0.0153245832096553,0.136862424215797,0.00502534786765891,0.14563809738605,0.0782420430332353,0.0459675779955343,0.0486607908822807,0.0943253650686086,0.147687295139706,0.0310493955631378,0.12297453071591,0.148445677470739,0.0180732369799302,0.232846231466304,0.120461867510298,0.071754969690798,1
0.876793879026198,0.561255564402904,0.3006896221409,0.164390240935804,0.0744591874502876,0.234953818691132,0.0373539810955869,0.0373638072774378,0.00355964152463462,0.0387866380545243,0.0828590402255561,0.129645106127387,0.0635160812479958,0.0441619916257301,0.000244742259367189,0.0746075542180269,0.119488603292058,0.068902536142194,0.0186586521093624,0.0481125671565741,0.014737548716327,0.119320942507442,0.276220013392379,0.110022923137223,-1
0.979787224924264,0.707949527233691,0.828781244797001,0.415792989211285,0.415678004059783,0.361485473263022,0.387157963711859,0.208497085270893,0.111636141858239,0.11727907754155,0.0451550763203737,0.010813075595777,0.00108677212794786,0.00175625213858665,0.0184775367134167,0.0241867795138996,0.0126482374036486,0.0403461092576976,0.193492005600718,0.110856352756419,0.106359756755067,0.263286195181829,0.253055150623321,0.32293610426035,1
0.868236020148015,0.423619906089958,0.602121009455496,0.232077697755735,0.284525797358078,0.137803602662738,0.318443397467415,0.129740792733616,0.0377050724699602,0.136931558697858,0.0613262852120116,0.09202611089721,0.00669969582156103,0.0543537042445654,0.0342513717340526,0.0382440719120213,0.0702333274010868,0.0618621741144485,0.116735102005678,0.122971020861085,0.0320910837492289,0.211370502804987,0.0198523268759005,0.19884265517729,-1
0.985897532353868,0.27409355959872,0.476962775919038,0.280500465000139,0.187525087466745,0.351132702145838,0.0665441273252599,0.12415651751261,0.0998976774507948,0.00491052643193902,0.0830577310013346,0.0754946355424803,0.00372510088808632,0.0172995882336802,0.0341932599034306,0.000888195052612428,0.0612932458145233,0.0668433314578781,0.117502325634493,0.00676392883133857,0.0970628029853354,0.0629723786215088,0.225496368966692,0.144720853860681,-1
0.971158891802036,0.468155091303895,0.0177981450213846,0.00457839524619951,0.0950279125583416,0.129568388635528,0.00631086488633545,0.0554786066720942,0.147879434499127,0.0385622084498342,0.224094032196626,0.179168375846379,0.0218916947723689,0.131480429947757,0.0789297285697239,0.0177284925148826,0.179622293447252,0.14310269012096,0.0567729164779069,0.0125071997608817,0.147549848078354,0.00692768572023199,0.195544766702496,0.106893976181048,1
0.83763781762218,0.0418336634453939,0.63918478428195,0.281572274501787,0.352009536178926,0.198020669645333,0.364619393396524,0.202714353497538,0.075799563558779,0.199315420010949,0.00525659968966005,0.208302058211938,0.00273440728957487,0.0230399167108676,0.0804443766814789,0.0476675158386398,0.19165995312032,0.0131381722731502,0.196301063849552,0.192510152246882,0.0695291355674261,0.423862761758269,0.231559633278901,0.279160636020212,-1
0.987113689240964,0.767664691908964,0.848212135478434,0.416902112821499,0.419514237275321,0.352854026330121,0.387743136888965,0.216932504201535,0.106862172088016,0.120373024213336,0.0504347575400063,0.0371088050062248,0.000190244526858973,0.00595397373890615,0.0290311356836786,0.00665194306363385,0.0349537275242241,0.0505121858593411,0.217953628437017,0.118564703575535,0.102167990303243,0.157031201154547,0.259436586401068,0.327685197682802,1
0.821451598003484,0.955637818643162,0.563723543544397,0.326552857847886,0.24711693294135,0.341861852636046,0.146371540131483,0.154384931446417,0.164537622485897,0.063896271013366,0.216851216151294,0.00151649649559405,0.0535249613883882,0.026241823895149,0.0968600786942799,0.0364321870242735,0.0050146337124424,0.170837859160032,0.15570981398499,0.059609104725807,0.169783319156471,0.0262598904708576,0.369974018869482,0.275844209139145,-1
0.984322337764005,0.255109713279377,0.843678803609722,0.455057260895831,0.437113541016732,0.382157614170181,0.378874748067321,0.223791789242181,0.168688326363908,0.115948313979998,0.0274435034102505,0.0591827583887519,0.00202379981123295,0.00748762531505815,0.0318988710019854,0.00199509215288464,0.0533314755229167,0.0291829691259396,0.208725540176173,0.112468477423773,0.158718158702798,0.270605335404829,0.166349931880509,0.335629178780149,1
0.98705559560736,0.919080772839282,0.844523145342687,0.38658560715367,0.445137185108894,0.316516600771401,0.379911602242598,0.219850096406024,0.10423734595981,0.103849945769013,0.0402464799948928,0.0132717527178503,0.00120030444750176,0.00857560599271874,0.0330826342818332,0.0143661892481441,0.0563535290580036,0.0277607076530698,0.102357806258044,0.169833761645781,0.120278271672572,0.112004009212447,0.262545939375327,0.337481039776907,-1
0.982484293290947,0.689021130868546,0.0418006377521394,0.422212986651005,0.533512680383978,0.420087699214589,0.686006616429583,0.755317366302664,0.730516539414874,0.951952078998975,0.80045027557396,0.905470333907377,0.854842536275886,0.8941479107147,0.8535774842304,0.851244811212758,0.916169770814046,0.79804875054335,0.692029093708419,0.890479674553955,0.79075126671113,0.893080289742543,0.733421596636704,0.474456732731417,1
0.993395420507434,0.636261608447911,0.00472441237972918,0.0423887041487347,0.0112700367727675,0.0446318934456025,0.0418329585809603,0.0920290855384835,0.126083805048946,0.0957346668192803,0.162033809455861,0.264110976179414,0.346342481243928,0.845412142838313,0.388210047313688,0.445156242398528,0.325708534065402,0.381198531145624,0.212544529426569,0.103400087397076,0.112310435352394,0.0457132911392033,0.0309666800818134,0.00797656029461303,1
0.982937614103991,0.740423238410405,0.00938830451736514,0.0270681124554888,0.0489591465944909,0.0451016052299034,0.131175608027317,0.206148608856535,0.145629193592885,0.17895985704574,0.391651409788148,0.443073685754874,0.337506419931886,0.822098618345188,0.411313582047555,0.393054203612514,0.3781005637547,0.374032844546605,0.226184902658867,0.167828084348243,0.151730253709743,0.153485372138053,0.111156609518153,0.00150948523236516,1
0.966456164544027,0.297970309876524,0.00216427592568633,0.290883993483115,0.420142449008033,0.21305135530625,0.588159610579651,0.542867429181972,0.607578366863434,0.736482607815616,0.625994206476403,0.83803269060394,0.740969602251046,0.772241688815447,0.782333071197959,0.738889110100176,0.824897717431339,0.643039642168623,0.555888755056061,0.739284801789157,0.612049599994691,0.771428737337036,0.474873162978522,0.502542547225845,-1
0.994078258790948,0.645756858604835,0.923540254370859,0.863208470622588,0.951663398269906,0.981681216839046,0.736104336515458,0.730624379917112,0.829271894110581,0.702935916196316,0.877956074074811,0.4455986143325,0.556445377956074,0.0248605539351829,0.434576485461441,0.485804871736166,0.404605121262497,0.634944968162166,0.721642925165328,0.709563959372335,0.82080475560024,0.740901579780404,0.988299305507166,0.956459811992527,1
0.979016770013019,0.305161059936964,0.766536504964299,0.354350025332479,0.39308190271499,0.276925644829384,0.46331477602464,0.23495770513461,0.0997516808713568,0.264122800122355,0.0128212050838586,0.0773108947088248,0.00184920664544645,0.00619795321112581,0.0337055362466118,0.0523352385470532,0.072879783353384,0.00415924174836443,0.154364996041172,0.187002562246635,0.092631741963497,0.303622884002806,0.231764738382335,0.322451233590864,-1
0.946566237694388,0.685780635545195,0.686598974060687,0.353763010985378,0.296795081946938,0.328289486876818,0.339612443712893,0.295603800587039,0.286098937983499,0.18081684674631,0.13605658767837,0.07459938517852,0.00254249303155594,0.0106690946524947,0.000386139700525614,0.00500160333784668,0.070631049126532,0.116880603574494,0.251793905264063,0.0764563821852339,0.229823593841207,0.10323324759386,0.315565013740893,0.318932709118007,-1
0.966877105298997,0.106077980379588,0.834340556885346,0.427304248154627,0.404547042800448,0.345599392686026,0.328027906477281,0.211646881448376,0.0843973070665522,0.120494650114568,0.0193316309179225,0.0534529105864148,0.00597234650298271,0.0027946061158916,0.0347944284046958,0.0247234501033908,0.0422024308692462,0.0280553853856856,0.188424389731195,0.110078658732272,0.107138148319471,0.288953193091328,0.074899962329157,0.337070583112674,-1
0.893030573441305,0.538314809351968,0.0395008520936248,0.0218938171193125,0.096516570946161,0.13962327960639,0.0267813727044442,0.0249377713687863,0.108781198675954,0.0300598441015424,0.157444726146448,0.205200355269191,0.0672743902915958,0.209602371052364,0.125898277567171,0.0371939423679199,0.196729835016708,0.0723230642078001,0.0108260379294653,0.00330643887783772,0.106212942722229,0.0385635673635396,0.150456715023758,0.0856639808023854,1
0.840650115377766,0.106128994337451,0.630538204813504,0.286333379880897,0.345780228101626,0.192524634910997,0.356090761724311,0.16310753735722,0.0786600337470438,0.156711657904038,0.0143046613348255,0.196380978382319,0.000260628856158318,0.00537734452953672,0.0737092078111078,0.0519461977344141,0.182097525534592,0.0347447285950388,0.150819819806217,0.145681911560923,0.0764976567802136,0.359073340274569,0.0045508983157146,0.278615286794268,-1
0.986860362904263,0.346954799415336,0.000942360081096101,0.339914922139157,0.443266770857183,0.230925503781054,0.61391855885271,0.571542218727084,0.642447348948638,0.741470645815291,0.654104907240577,0.839248799652256,0.768338692176752,0.798637725594035,0.805185303164538,0.803316344306519,0.835237962511323,0.67846524715384,0.586960092377833,0.747284907970574,0.607664639265225,0.791020867966725,0.449624383235281,0.511317445938727,1
0.968024692651346,0.4183255444631,0.493536664495463,0.264291179560119,0.165284127528706,0.2926898168375,0.0479883725629673,0.0535386356385288,0.074891498519354,0.0243749960382086,0.00519622546432554,0.0562077136815997,0.0310822260918755,0.046499291194039,0.0360585580586161,0.0377350400671265,0.0605195480766255,0.00496456986901229,0.0559518695012255,0.0516974287522734,0.00930365640127134,0.109407597048638,0.0687282340154608,0.178283582713695,1
0.980131024952644,0.773043337466203,0.819958408406312,0.426409743701259,0.386070735182264,0.364525460995465,0.332018385867558,0.220920224474651,0.124201002762615,0.118761550982401,0.0772615169658498,0.0198943829146022,0.000183243912917683,0.0063090598723788,0.0348581517498724,0.0440366308370371,0.0237474751920708,0.072989152986405,0.206341423496276,0.108879163962689,0.118277992442251,0.12526894522766,0.278560785085245,0.335605052453354,-1
0.986771793921882,0.741481223536509,0.485742982126623,0.204975231767513,0.286455030752858,0.0742135453117354,0.364404602841202,0.132142981154981,0.00411211233745099,0.0915682054174124,0.0484670431466041,0.0791600252538338,0.00619988578050465,0.0179760309585251,0.0276031636920591,0.00137067696837231,0.0634946680847537,0.0426037606403374,0.122417940078925,0.082577657856042,0.00254997846664576,0.206719777569551,0.0527656127860947,0.161730133939094,-1
0.977018729958887,0.341287814096266,0.012122526151837,0.0286148799926106,0.038732364889549,0.0806948396220503,0.00420696272846635,0.139478052491915,0.0820370354216801,0.0360062628995766,0.15002711566689,0.0178038123291016,0.290784865728746,0.578526327871418,0.247329574691083,0.320032305801829,0.128771525078805,0.330077111256459,0.100973980699657,0.0275489782517014,0.119065252409251,0.00254156353999199,0.0870920705024769,0.0320695231874862,1
0.93380944716765,0.67412949116904,0.48705000247588,0.2956616341825,0.215739845574486,0.332919434025527,0.105463153302864,0.0950746142867148,0.122554862354776,0.0034857806753544,0.0675284819283461,0.000922158748999712,0.0267258850993946,0.00943674301944621,0.00602437691095754,0.0243236207843447,0.0307243840504372,0.057838512807046,0.127111873396689,0.0527840387364253,0.0579928779892415,0.00694959910913632,0.123516334245924,0.250379754279181,-1
0.930831434179437,0.441386071415105,0.51987068187619,0.295112106637735,0.215861491584332,0.332507700299924,0.0868569055089511,0.133275871347817,0.133903354475517,0.00330438588919205,0.0804377823499117,0.0151306557201855,0.0251885156450223,0.0328255001511605,0.00937885098160311,0.0196229678504401,0.015958039284384,0.0938516733904684,0.126333297561439,0.00156388471898078,0.104954778498301,0.00328262424810283,0.272650259703361,0.200920797393417,-1
0.889911611965003,0.329348329958279,0.250114037974217,0.113090350086388,0.207901105033949,0.000708433383173473,0.299797629494774,0.165725328531822,0.123241299634332,0.205233803854271,0.00286853280795422,0.223452669754702,0.11234599431662,0.0451595755563997,0.0497296070126498,0.110439686582336,0.217189236211783,0.0216518941644853,0.167751820798469,0.202325039990771,0.131128039809532,0.276015088093709,0.071829693298573,0.132116187263525,1
0.967740890965869,0.535912717336095,0.453836361812971,0.264647478501398,0.160121707618021,0.326092311676093,0.0678702197447519,0.0885227162479276,0.0686944985362708,0.0206674304717544,0.0503446964877375,0.0046116866707303,0.0305830700181329,0.0248063138591706,0.00992796516788528,0.0270364097138601,0.0183847199639124,0.0411242438982986,0.0913271535162508,0.00739347328711216,0.0587131173693635,0.0415564594630992,0.157032402237898,0.192290551531933,1
0.99355351137921,0.634465029931885,0.879700601584094,0.821129106649279,0.78146288129913,0.838603415723477,0.685325562180834,0.723813007887289,0.770499649933139,0.654717939018684,0.747634145289361,0.475707682557379,0.540439358796965,0.0371377803438287,0.354365549439063,0.458656440068885,0.297101413208305,0.624698461364896,0.585789608157387,0.659123638306274,0.785001708857189,0.659217376588988,0.842638309591832,0.775369892922677,1
0.922001201871568,0.667304710806309,0.0381448447262676,0.320011713137628,0.43395432871776,0.348813422658451,0.589507616857627,0.622314356723109,0.656148069986827,0.753111613260732,0.688520959216381,0.902443333963786,0.795593305261621,0.821883160622621,0.790701494171636,0.80956445709773,0.909941567038633,0.702891120910771,0.644313819179682,0.77071616047994,0.673872900843147,0.811474063529669,0.363813206977446,0.486258631387891,-1
0.978482499054788,0.33941582364253,0.0060390681253339,0.319802668471751,0.431624144327092,0.23322333602105,0.600565416048658,0.444162676568084,0.391824362662632,0.542961997007011,0.471931605894396,0.817027849394932,0.770556058811233,0.782153060513454,0.79523826114656,0.792858304216398,0.814087121853131,0.572892713632035,0.642121338814949,0.738458577633548,0.52008073105906,0.606806062958944,0.251275836095709,0.491165374239724,-1
0.985030889623049,0.659683669101289,0.0291260605698624,0.433304797077356,0.548607862070339,0.401325940452134,0.676015608668385,0.700470516406688,0.751510596573658,0.816345965603857,0.817920436936533,0.97407016600801,0.893832684631235,0.895019759698179,0.888519466040196,0.838905369129744,0.963910761154856,0.825720623417648,0.720206987400911,0.82860245345438,0.762554293545165,0.879822544305856,0.418552216371184,0.546139144111411,-1
0.781976497791966,0.935582679208707,0.456030183334045,0.272087547022413,0.172569260319571,0.323938424072107,0.0853257733738953,0.133378697502644,0.162457793968597,0.0456491612453295,0.257447925472285,0.0425695384547604,0.000892110630630801,0.0257395258138235,0.100350836059202,0.00806094693977337,0.0395350349945371,0.240021120255432,0.125819598215222,0.0484504314415829,0.155571407158438,0.0379142399561729,0.374965762686286,0.203158171012688,1
0.994857284894036,0.377352464306864,0.802923141244513,0.812502696012556,0.806429616651901,0.838729506156863,0.675249941102495,0.585616233811482,0.75779769785414,0.621647404693882,0.799108905634583,0.475951568000903,0.523388945850795,0.000136874483609908,0.334614146682992,0.449726416941245,0.254659539239011,0.63123442534285,0.573611926827731,0.603190087964668,0.745906208626577,0.654525485199306,0.841148451576296,0.781375779355014,1
0.970152252937776,0.653258128408786,0.00241488473131966,0.00732362538642308,0.0137638510073276,0.140915482725288,0.121221055368274,0.050093578129449,0.0342966154627907,0.103543611031715,0.150846419043275,0.241173548422347,0.0396127861409523,0.037778993667184,0.0720687054177264,0.0366313924134518,0.135565838428785,0.140731883622485,0.031647879226213,0.0521542554338115,0.131735137218137,0.094244847212899,0.15651507011266,0.0578781299049414,1
0.948059529784416,0.421818891577596,0.201262610162514,0.123044849915709,0.0169356753260474,0.189778639806505,0.101590604374044,0.0055733099976548,0.0144767788018454,0.0526022527872574,0.00172109546135378,0.0626381405553164,0.0493678521896024,0.0609101969393232,0.0381309213907308,0.058608907061558,0.070024327984166,0.0126418009871083,0.0104125451280495,0.0556541971419383,0.00775557877069178,0.1653988702771,0.186713098653936,0.0434184953933707,1
0.869807405319282,0.468432341074886,0.342716617681,0.232577233649389,0.130396560097403,0.300775688753826,0.00592563809330823,0.1511532788007,0.0949380657116725,0.00383078530406449,0.0846821966972343,0.0906303738529925,0.0305883031352063,0.0315682934387309,0.0360607205385118,0.0301057803138604,0.0794061668538755,0.0731719405383803,0.133464645568426,0.00131441887816037,0.0889059674423121,0.0890278044155315,0.208754153173056,0.101724212567803,-1
0.979608182250205,0.571995111532038,0.0187009404132628,0.00518695810917614,0.0413615479356713,0.0811861214558221,0.0847952449544559,0.0200781521659069,0.0707885055597199,0.0176835784819057,0.12937170609215,0.230484148879033,0.0674723409234846,0.179111741943083,0.120732843141331,0.0210315746989896,0.220670296425109,0.0923720018442808,0.0170793907601089,0.0240989026168244,0.0615085664239909,0.0902277258498048,0.0960972337110478,0.0278107834016837,1
0.928013416772299,0.586294545720705,0.576088810475379,0.294100425658146,0.231685104484848,0.346376730712456,0.118531784997083,0.134597160926963,0.0891751476731989,0.0353694479315791,0.0892003945770163,0.0556948887538368,0.00156751129615447,0.0273387046878377,0.00892526255417914,0.00698667769685209,0.0369805183421998,0.0814505610480233,0.127632629875015,0.0324005840347654,0.0776765847751547,0.0110321030173954,0.289272108684085,0.214259960276458,1
0.87741576661216,0.390846765160572,0.352616348125444,0.131239174889109,0.21451018875562,0.00294199943545731,0.280046543148151,0.0630609345043729,0.00625338281775195,0.0619663173020595,0.0924805484167994,0.12322287022166,0.00376454134869485,0.0136517097364629,0.018957912082238,0.00797796958148564,0.0480569579988166,0.0925694917679701,0.0510349516458369,0.118565356018736,0.0119803793163882,0.255453448050841,0.106510329976007,0.141711805707871,-1
0,0.368653475492229,0.00500379930384803,0.384542640134585,0.503053545297988,0.417399152539561,0.648025191541323,0.721980548891566,0.736144154547053,0.852359716097435,0.799385143228778,0.989398449087669,0.943495724538857,0.916763723118681,0.870569829213826,0.880422303406764,0.974513971151836,0.80960842284095,0.7384436458717,0.864477670379698,0.737633183020264,0.884801457339956,0.479212498880118,0.557512998928231,-1
0.98388234991605,0.783927054476253,0.831463962819251,0.413379975118679,0.403119550071274,0.341159025390934,0.343960204113762,0.208879014001429,0.117319882889426,0.0944390882395728,0.0752496694434952,0.00878761751042758,0.000949345221224801,0.00886474923189712,0.0399880021306616,0.00730093544695596,0.0218171424776175,0.0749461691331371,0.192866574668861,0.0941917880820353,0.184362166276971,0.106555826250239,0.261878671375952,0.331143415846673,-1
0.988536507086947,0.711227728525896,0.821887738917896,0.431768048181414,0.388104254159292,0.377989614986992,0.363772946622505,0.207279340672655,0.121102593887454,0.119300920698272,0.0718747044417676,0.0144168566712197,0.00262406289347972,0.00948287075738013,0.0418923371182369,0.0299538666952828,0.0180855234805686,0.0658041748973679,0.191756150089579,0.110076764856884,0.114800624196254,0.208088301251672,0.278598598615163,0.34553149937709,1
0.898786604941387,0.439758060759842,0.302205424322828,0.101475905247623,0.22092354578364,0.000219229312111282,0.297249491386319,0.125206777706565,0.0302482111508209,0.221469511446145,0.000285710234152608,0.17003587013047,0.0908263511985381,0.0153670767960147,0.0140452338867281,0.0781714087448862,0.158838395937421,0.0046188447508852,0.138566613442374,0.222267644518734,0.0512760456484324,0.293313339650543,0.0892421269174234,0.121872532309206,-1
0.934861799055074,0.605160838137148,0.65635563665398,0.332955864153365,0.275257386388579,0.353536992440408,0.176685317067433,0.164342610605416,0.0632511203160187,0.0464551575626744,0.0649924984738959,0.0515853244153781,0.00452591442348622,0.0289757916168579,0.0117593996742611,0.03580140126738,0.0417254753981295,0.0537749072529684,0.135006210844771,0.0363851412114009,0.0381188709297514,0.0502559577865599,0.253357467795483,0.24534434651816,-1
0.91842987193687,0.640493548952329,0.041803955921439,0.364487624887597,0.467220635031241,0.321521480168961,0.62320694426471,0.602758725955716,0.770364434534179,0.797118833597128,0.703913946597383,0.865887892332043,0.83105292148216,0.817966061764403,0.772701255263446,0.849887679969207,0.871786767804467,0.707089434617133,0.627383689870625,0.812796353995574,0.754322745055098,0.816920008892694,0.415361796589586,0.484732273510059,-1
0.969010379713322,0.38472065422074,0.0210356381966074,0.0252776186759019,0.074334996251232,0.134460477024155,0.18210705304861,0.0551798100990351,0.00354261904534433,0.16233115149686,0.00600136396202472,0.200925783060197,0.115093022839425,0.0357250162626732,0.0415833521732054,0.0881886527934487,0.21304265310064,0.0235577064178839,0.0768300836692931,0.170204769440596,0.0055939333994974,0.226989535687045,0.152824051206495,0.0134596897681831,1
0.991632612051667,0.657405784982822,0.915436455398827,0.873064262984826,0.861307989156223,0.972811750301124,0.807557794213776,0.689553739410892,0.730058632051525,0.576960789193386,0.886766643107665,0.457991976666633,0.519397188183335,0.0237597512700293,0.440457111002718,0.553413400758534,0.417701105945828,0.656137285936603,0.698734284320655,0.585070394961692,0.83327028811664,0.800873342159664,0.987560183295672,0.927814056428787,1
0.985381356133973,0.669669096853326,0.808230653219344,0.406105962371868,0.38739235503151,0.37624971707901,0.345125667759392,0.283929490077959,0.114303443798507,0.17501816002871,0.114867215360348,0.00174426445195018,0.00245951070034203,0.0113433591433099,0.0195912662242607,0.0238389604619674,0.00529931730332862,0.113734875566179,0.193174031572744,0.166636999484459,0.110767529344776,0.121657603240673,0.284059628407695,0.324986928086495,1
0.963759096177344,0.290211752285093,0.756424604619898,0.360970446471294,0.393683405945302,0.25055173686407,0.371266220656778,0.131355667845888,0.0169516241694668,0.118036652730466,0.0097199223606366,0.0678103115092283,0.0323739918783632,0.00813907132432516,0.0180086185621235,0.0290479455169577,0.0628423296225082,0.0173481045165226,0.190224611047014,0.0506927581255591,0.0249946845009938,0.10396895243904,0.0207176915697883,0.363957018681247,1
0.992592585538114,0.700253073590961,0.0662862385564636,0.419615689631716,0.548950463050526,0.411938275414688,0.637760434812905,0.725696068964831,0.748170859173577,0.787808050542355,0.739266551858009,0.971369176198108,0.945966101582435,0.921468057643237,0.859155326823085,0.866013153223104,0.95054019796198,0.754347631324846,0.739461494304362,0.793445620182433,0.755105003467487,0.805696301236682,0.430905760673721,0.516682925696235,-1
0.793461894861952,0.739564873119415,0.506074365914984,0.254826841458309,0.186267689017597,0.284368442553004,0.0674224603159851,0.0988273604803227,0.105626362158462,0.0208673859011019,0.174319635535695,0.0970324429364821,0.00284834533375087,0.0512472413494528,0.0397544187180247,0.00253804771464186,0.11632984315985,0.088783180477962,0.0842331221769973,0.00967670173343151,0.182610904177303,0.0672505628468989,0.307104038956662,0.183467113254715,-1
0.987747005082717,0.447172828635244,0.0105484602035365,0.40757322370102,0.501755311559506,0.361793271416294,0.671100570393303,0.695178036373772,0.674436989624085,0.78603282996705,0.805133041998069,0.866242936447103,0.790424427035116,0.850977698584137,0.855465522561892,0.845040664164767,0.890731025878402,0.815987603319497,0.659312773956353,0.860954604125812,0.713426308437109,0.888086444946594,0.740062082947596,0.470377043577517,-1
0.979195812687078,0.396629086384375,0.00987653092036065,0.328346124875983,0.48032491513782,0.309981716887159,0.652668139933836,0.690399872582299,0.739824833842672,0.781211529974682,0.777773077037937,0.849374193270089,0.806146742719107,0.824352708123874,0.840785112037986,0.833334162875658,0.851105448102173,0.805441631742935,0.642366883343122,0.848022039280488,0.817119099050672,0.831341602211228,0.642966642444031,0.436233081484284,-1
0.99016408118252,0.697917521520127,0.0452366020619104,0.442774852258512,0.479623122330948,0.365148770120549,0.636848767797831,0.696167680367388,0.715893367311387,0.80086255810944,0.702867893725674,0.927495512176022,0.938325187227703,0.915940817132372,0.851891024683861,0.875467447100086,0.910961074555946,0.712792538100879,0.704117184466986,0.805355359341144,0.718046029644525,0.657609723563316,0.459303483082314,0.556310992099439,-1
0.965396193819409,0.573623122187301,0.00705360355757725,0.00567852354636657,0.0396010594455042,0.0466472157197695,0.074437929329671,0.0775996524632102,0.095294937459805,0.00477217432965254,0.277077369720905,0.083655600723596,0.153385537822517,0.371379090465723,0.125051878303321,0.205969530983244,0.000730144578944784,0.274923229720779,0.0721991042813654,0.00403046943596595,0.0687213623517983,0.0686332666699199,0.0570927146826648,0.0037769284906621,1
0.993130665914942,0.364984906522467,0.00511463554820612,0.0357084237268797,0.0141805408688044,0.0811481864995263,0.0492025724915566,0.212913721011098,0.109699331129736,0.159442082160581,0.45119605829861,0.526182315712385,0.354042156559166,0.850909498703045,0.446796005198898,0.419283079291888,0.42247135576381,0.360075607273323,0.217683845803835,0.149921771586077,0.112876959396165,0.0448132584395085,0.072582771957319,0.0126633460905465,1
0.979035817106004,0.408863564278696,0.493915485961469,0.22964049167467,0.161247681187025,0.269154447351994,0.0531885540505933,0.0465119342844095,0.0269975776579199,0.04424051570022,0.00320868129904276,0.140325344276936,0.0538037216168842,0.0346352616797607,0.0119817010517707,0.0715650536388473,0.137096097196499,0.0390808048721176,0.0335810487019476,0.0554394118274224,0.0122646020988892,0.0828312998730207,0.237271915837884,0.151730856699237,1
0.95868018883288,0.375762159620456,0.0894676452699817,0.0461227500319855,0.146386798370635,0.0622499740844447,0.239917938771073,0.0989318893566414,0.0490137192524936,0.152552024985323,0.00221183416639169,0.193097844192809,0.0779907173928291,0.0363056030627006,0.0552099102894864,0.0939644447666566,0.152589550584583,0.00581112953044054,0.0998251672531655,0.19646985219611,0.0534219251138546,0.251808442321694,0.105980542894513,0.0783262876914332,1
0.973463590053227,0.41974284529241,0.00765979058133199,0.0130006408112899,0.0163866793436916,0.0460800169390697,0.0274185262375819,0.115287980943069,0.0928433980271879,0.0105678614757496,0.110112088452772,0.027040746290506,0.261205572660751,0.584042718898324,0.236781879975241,0.324625133192104,0.133366885100508,0.349591754639731,0.10098832995132,0.0337561274101578,0.101657007368984,0.00561094253008192,0.0535349679570395,0.0245032015771159,1
0.892110598850127,0.564697897559537,0.366641522289425,0.193070245799085,0.108053457143035,0.252625661913924,0.00510624107980804,0.0455687506662374,0.00337818201050918,0.0403208410180055,0.0650272836062846,0.142393596628465,0.0927592773548202,0.0543652404135761,0.0035050036754402,0.101995806046215,0.141166901346653,0.0470498170390117,0.00216953515029378,0.0120659641378179,0.0108105581236901,0.0975044731737688,0.240377946184914,0.120161379197651,-1
0.988566030081074,0.696728674502115,0.0324890251550415,0.464678917347721,0.559396060005774,0.442193343088751,0.689971828742646,0.720995882151899,0.764379286659964,0.839106118372372,0.797987364411307,0.98209432891685,0.932450368482701,0.910116600469189,0.87510991435805,0.927092354606117,0.96704809022766,0.807072511953705,0.742038882307853,0.846319818429776,0.768227533505214,0.895758052367348,0.480227029143481,0.546439438433028,-1
0.986139430434778,0.362902206242778,0.0706511248323525,0.0255804190970197,0.108997689745145,0.12062221559684,0.187714106799674,0.0212197265344485,0.0472478091247349,0.0840380948808981,0.00945151163285897,0.0904664107185195,0.0267337969071178,0.0357033781835507,0.034446054537125,0.0530955695105268,0.0851321309579868,0.00439215456074901,0.0402008602435524,0.0690311532054256,0.0117562513070562,0.113930713498202,0.027368051747284,0.0768699893327224,1
0.952686068670484,0.457065100464227,0.0524331351567422,0.0353721011606079,0.118277044166697,0.139228746937138,0.00351132765212325,0.0717746555576756,0.124840368574276,0.0250390402046099,0.222159205668613,0.163440949590754,0.0282896313365008,0.00934706202459953,0.0326412338970982,0.103153466298318,0.108777449642614,0.200044702280317,0.0613670416490283,0.00947185823364045,0.108751860363421,0.00681932648438357,0.156386323960313,0.10832027661852,1
0.983789971515073,0.357417096773478,0.818639650132229,0.808741551111421,0.819805157098725,0.850028702164442,0.800581343261296,0.641080263197189,0.796219609716927,0.773986216324729,0.845889285963148,0.749218571129936,0.453373085001543,0.03893954627353,0.328401704211752,0.470902143869184,0.290564619688026,0.644185240119321,0.652329686665273,0.712319698975681,0.761729728474206,0.761359752597297,0.843308579790358,0.78322565873956,1
0.976480649582059,0.508768855756925,0.851380856154043,0.819914656685613,0.910072634725969,0.91164793560097,0.792831758862001,0.696632224069337,0.796699085180724,0.73168370546602,0.850767824375935,0.465388176035518,0.500759031227291,0.023880034907141,0.403982964518816,0.510079768789963,0.35285578240773,0.664839184924893,0.649606299212598,0.711281941527221,0.785757421915181,0.795279738262806,0.91532363764264,0.854251072598226,1
0.98812604223312,0.321434512495093,0.0137106755460877,0.297590843180001,0.43277803770104,0.223670326607404,0.60144970816701,0.468105756691918,0.373503920417028,0.62674245365347,0.644883714756894,0.848385378818798,0.751445062729991,0.788260980651755,0.801244147578898,0.759170590401864,0.846016205938859,0.700848787706846,0.662402819116637,0.792820974811777,0.626619681389384,0.745897913203327,0.298264431547826,0.516767539013376,-1
0.993965880942336,0.645200141064683,0.00636219064037037,0.0270380963638801,0.0383076363946999,0.0322913830196818,0.0499859065724699,0.204776000094618,0.119961013378676,0.0999768713787805,0.168496105962278,0.24532789089799,0.335579659026788,0.848122975019984,0.442179452738986,0.460511492392626,0.345499355009295,0.40675601417444,0.2168514702001,0.106178599689858,0.126794381032888,0.0469170145362657,0.0337666121907186,0.00253086364227323,1
0.985958483051421,0.731109864103252,0.827598978533423,0.415463388050221,0.413264856000449,0.375680256291578,0.375515526227512,0.202326185052241,0.113501514999045,0.162129632597706,0.0828255235972345,0.01370862149358,0.000575529913577137,0.00600403083428131,0.0361062194930202,0.00919912592190779,0.0179249301993846,0.0843131234860376,0.18761455616982,0.159140206566604,0.108107778568767,0.234399385611913,0.520324300944085,0.33647697667589,-1
0.987747005082717,0.447172828635244,0.850977698584137,0.855465522561892,0.845040664164767,0.890731025878402,0.815987603319497,0.659312773956353,0.860954604125812,0.713426308437109,0.888086444946594,0.740062082947596,0.470377043577517,0.0105484602035365,0.40757322370102,0.501755311559506,0.361793271416294,0.671100570393303,0.695178036373772,0.674436989624085,0.78603282996705,0.805133041998069,0.866242936447103,0.790424427035116,1
0.979424377802899,0.305848639369024,0.840351542164441,0.401762336080755,0.40522457005403,0.38689108445219,0.34043844077724,0.209226670444785,0.20798551100683,0.201520695238073,0.0213669657085644,0.0341652299584173,0.00655668371067259,0.000601610317533227,0.0148638684985936,0.00147991562424085,0.0288028617273776,0.0202152137501076,0.194482386229506,0.182594107911452,0.195865014436465,0.2646809000528,0.168711794274598,0.32725485378914,-1
0.98188145279797,0.710699844961928,0.0483465562379924,0.447610254470404,0.542919690348441,0.419870359125463,0.643437822484579,0.690773996170833,0.673919355213342,0.81699715632891,0.793836334617465,0.979926734821864,0.928327543127905,0.907002498581483,0.856015509123306,0.922156577772911,0.942265513271018,0.807854770366094,0.678101078073205,0.820368416337338,0.692263854186368,0.714061737857989,0.44628298675055,0.549736869174539,-1
0.99318304542065,0.650059775050626,0.913852859100577,0.889468462459892,0.938647049649767,0.975914238596282,0.81681963427138,0.742646936832011,0.862936380740018,0.775340858941305,0.846836623298194,0.467065510616483,0.567029508479582,0.0497161306164163,0.451914749594354,0.559683081650192,0.438344266701176,0.654486496710035,0.727213301877088,0.769451937976779,0.854839218106586,0.811246768932644,0.98930388126263,0.928086975853682,1
0.0162957404033603,0.36891076327971,0.554872401003014,0.325385233238021,0.247266375786552,0.344750730416921,0.143125016661424,0.116735055025845,0.133622392076784,0.00864239030817955,0.0751644431350253,0.00318514971694718,0.0384609389023032,0.0118219064899349,0.0134920521252548,0.0345994480936132,0.0119804792452892,0.0617346574622308,0.145212166099158,0.0578064504363884,0.0524276745880091,0.0231140340548219,0.151675043633361,0.283911295994456,-1
0.961127740281459,0.263604646262562,0.69367089821893,0.328954953328186,0.381393280297292,0.215187115389562,0.368068405451465,0.11312342331772,0.0311996290512756,0.125922179292603,0.00630273223319185,0.104051512037436,0.0497340748381915,0.022431691348783,0.0429023510346429,0.0522604257813313,0.094486951523772,0.0066172263653317,0.168432021532464,0.102292041390446,0.0349499458150324,0.169198948768365,0.0186744106808139,0.344329384083588,-1
0.992258309056226,0.690185579906711,0.843627391704876,0.426457518389803,0.411371715617531,0.372011685135509,0.403711181936957,0.244460667764377,0.254429214371753,0.139127814605648,0.0525456068124082,0.0296512851815703,0.00607824785414374,0.0131644891577279,0.0259234640598613,0.0361645505579585,0.0258260263573218,0.0480562558979255,0.233255431467582,0.12821909236379,0.193571976126991,0.168655065861601,0.255578146361479,0.332780052336824,1
0.953849846051871,0.647305021326052,0.730009494629208,0.370553059839464,0.321869563461427,0.358822939025559,0.26812665093369,0.17771006981886,0.0805903502780743,0.0898449166199694,0.093135646343934,0.0230134160935785,0.000618265110617262,0.0189492656750349,0.0356759637111444,0.0124908066165865,0.0365595091932119,0.093061306446446,0.161757476668703,0.0786484990404513,0.0727405675654653,0.0608726582847228,0.268281544354673,0.289358024350431,1
0.911754818200259,0.476122140723112,0.429777405170015,0.151539305905226,0.227226829527346,0.0535757383349183,0.282280137132148,0.0743251745119784,0.0473672018580761,0.00519286356340352,0.109584878665466,0.0583279263040838,0.0492338083072178,0.0337669791918606,0.00342060596858865,0.0596620830214368,0.0437376546186392,0.107517798273522,0.0529647860435534,0.0177457743623155,0.0504277212182091,0.232807192400785,0.0597313506150426,0.161130992346933,-1
0.943972975984473,0.640453624985306,0.804065449748564,0.365515184200553,0.39982961107997,0.313617154127044,0.330068999898681,0.178042594566153,0.0730608625647047,0.0727738170443829,0.00367262569711583,0.0211768400859188,0.0363986040974932,0.02286841343394,0.0144519932047983,0.0160527777808566,0.0199617460104308,0.00767497805512546,0.126819889052466,0.0998876704267947,0.0685041724216441,0.102526472530254,0.212780470166827,0.302594472250179,-1
0.983190940440693,0.624810083906871,0.817818099997109,0.424227093187749,0.397633194228786,0.40950794337814,0.318981397144243,0.231438486252395,0.140314999946962,0.150633158009478,0.0570253861076052,0.00367126915536881,0.0738186202763886,0.0134230706780405,0.0164146358207386,0.0692374373390319,0.00980646685522434,0.0496915367803837,0.227617613689673,0.139046400106247,0.164421499290841,0.176794863149867,0.31614194184318,0.326987705725075,1
0.985030889623049,0.659683669101289,0.895019759698179,0.888519466040196,0.838905369129744,0.963910761154856,0.825720623417648,0.720206987400911,0.82860245345438,0.762554293545165,0.879822544305856,0.418552216371184,0.546139144111411,0.0291260605698624,0.433304797077356,0.548607862070339,0.401325940452134,0.676015608668385,0.700470516406688,0.751510596573658,0.816345965603857,0.817920436936533,0.97407016600801,0.893832684631235,1
0.990537404205027,0.33226721554728,0.0169010953276859,0.31921618204804,0.445915499500616,0.259815144788317,0.60366873388614,0.564524290658358,0.599829612006464,0.753737088173713,0.644137126664477,0.86282854023778,0.762511986886595,0.796956243301446,0.808940641269399,0.767032163015021,0.857083959637789,0.660367122251312,0.57076410802632,0.761533956485528,0.60476372975502,0.798721509368851,0.468410198725159,0.522378563299057,-1
0.934362765218865,0.234675296158205,0.649724804637359,0.297206490354614,0.368034799909861,0.23032570579158,0.346220857758583,0.143279055162458,0.0541238160922108,0.116046611094482,0.0582149251954802,0.105870976983978,0.0047006001159229,0.00613556201531205,0.03935025377554,0.00274763692789735,0.0988906284426962,0.0739699651186067,0.125687317225895,0.107938029448985,0.0418781756822469,0.333508010384772,0.156674056001002,0.267195849643903,1
0.989487909381551,0.704252124287745,0.0205046271870884,0.440433054275295,0.481975704364388,0.42320594881392,0.638240739819027,0.720970166339827,0.763176450288847,0.838644063297398,0.788817603551768,0.985248248836152,0.945911351788991,0.917748389858347,0.876944032438423,0.904484837625385,0.969757375460811,0.800749740353252,0.730929651492679,0.844970982609475,0.762496225582422,0.876642079032156,0.442641295944202,0.525314313586908,-1
0.887911667201573,0.65979013301335,0.672323080835334,0.313856665281167,0.282016372989763,0.313108263015087,0.214621851095378,0.148567252731231,0.0766144019811571,0.00961928330062133,0.0503191195122642,0.0493838226140585,0.00259147304594307,0.0442549657369748,0.0292610814310915,0.00960353375882525,0.0360248679589394,0.0437754072049603,0.132151778309104,0.0308246796566494,0.057847777686402,0.0228656535923388,0.255786929320032,0.232453125740655,-1
0.986334663137875,0.274781139030779,0.842663797499776,0.421263808159057,0.439962313588874,0.400926956745932,0.375463479302292,0.213412582726644,0.142631135770802,0.181986888114887,0.0299053847745761,0.0674319399339654,0.000942456690351744,0.0134129936824394,0.0374776242767945,0.00878519753092942,0.0643760071906002,0.0301450661421022,0.202694582741714,0.166849409846447,0.131025919887795,0.271410852999873,0.140532584860655,0.344650740134588,1
0.991762132283966,0.669930820637142,0.00522830701286702,0.0415002504197059,0.00960111301598287,0.0235402796225073,0.0588146938793825,0.217929097133473,0.122579403780946,0.107219242358313,0.140198047976376,0.269147466051955,0.3302766017633,0.8405212507252,0.41294101324994,0.411371417863317,0.349456410242837,0.369517050868295,0.226053822663527,0.109859969040619,0.138423222964508,0.0624094752671716,0.026279186524166,0.00174665178934995,1
0.983162369801215,0.61561204550445,0.8778357904377,0.879341409757409,0.854736354858298,0.891871646575151,0.822306227208325,0.685793424052082,0.92429596742885,0.817260121245906,0.768411691901344,0.743074151129339,0.477127029475298,0.0443398668086843,0.414883150668113,0.524825713157537,0.387372209004848,0.690056442059787,0.720648303917762,0.70153730783652,0.852377136486258,0.809910376247217,0.886922597064748,0.84814398200225,1
0.91792036219952,0.506513151620137,0.331248405252633,0.125352898850675,0.218671701555206,0.00814419843181927,0.268552656159205,0.0694245645519296,0.00189303248274199,0.134264231888923,0.067862292307615,0.139305162832341,0.039708280255091,0.0240067889376412,0.0265550260885017,0.0339259278890657,0.14955549763053,0.0578992317573774,0.0628642559717574,0.147179420368477,0.0446524301639207,0.240978519812897,0.0981185312387951,0.121173886802295,1
0.942627298865079,0.498162388517867,0.0283725209096614,0.0247037178817269,0.00488046354834184,0.0493000857514284,0.0921545509815234,0.11505620412023,0.0946582399860294,0.141289624676451,0.0599105183001197,0.234857494323142,0.197309711146344,0.502686631869806,0.279265112939395,0.212418622464467,0.31419926791782,0.0922215790270982,0.134189810713602,0.139917949687324,0.0043536301483354,0.116495622993382,0.0539032674735125,0.0487481409201423,1
0.901309392407257,0.425438664587663,0.0366577416216532,0.00229937122046531,0.0375351002194455,0.05260212981256,0.100503043328958,0.123043678562247,0.104279792067257,0.034678540289842,0.292252108289155,0.0208000857417574,0.215503723712851,0.561663299258138,0.203180454327499,0.269523415324542,0.0857439542538784,0.309558773400531,0.113160022198167,0.0120842266106193,0.0765044128302122,0.0728430127015224,0.0598487442058127,0.00853785695848464,1
0.0258592857911544,0.312691163717099,0.0361240796227905,0.426234607842161,0.476138215024007,0.380956528664006,0.608580453991924,0.68240806182413,0.626881816764055,0.738617849759931,0.766889481735137,0.832512915973999,0.91717600565416,0.891679192755773,0.833699161498618,0.898789200022564,0.9215734095185,0.773853489552744,0.693757859913529,0.785500263794459,0.647964634951605,0.711558179121415,0.299653914942048,0.527137647617057,-1
0.947661445541028,0.695752755308224,0.733312281994672,0.39275433848333,0.329702915278293,0.358299634513775,0.264891381247424,0.15863334263436,0.101644981868078,0.0585571849985514,0.0680049660373591,0.0565345077600913,9.34690039291186e-05,0.0150623894138342,0.00043366039898935,0.00771046930962173,0.053159162230305,0.0788521728337094,0.140199626528536,0.0439262424172968,0.105509233412924,0.0667031804354565,0.303658784826728,0.293974723945068,-1
0.905614987776528,0.550759997072242,0.0212170998671149,0.0823231023271965,0.0250384719059759,0.191101719022032,0.119445170633226,0.0510730530546091,0.130655819266736,0.00345733062920594,0.167270945695641,0.0382389285435667,0.102833113867309,0.0377035164224681,0.0198993572870075,0.09049137080385,0.0362274463378222,0.144433159582146,0.0243228657101227,0.0721322349851443,0.136961964450982,0.168978446293716,0.187413782437025,0.0132761116470391,1
0.912793837122594,0.773702082922079,0.512916311035132,0.329423186947362,0.234505690275681,0.377114186009872,0.104984928051665,0.190004133657295,0.132280654612764,0.0720589344147841,0.173378302297227,0.0015863738343529,0.121336278949889,0.0344455830985808,0.0497760389128774,0.113479060883653,0.0287275897679269,0.164256058804995,0.190159424785254,0.0977111345235227,0.138130254117918,0.012545048449589,0.315140380252807,0.223483651293511,1
0.949969000856167,0.581266343874,0.698146089352734,0.33061659990823,0.292899994862048,0.341538861699304,0.205361259476593,0.15037590619935,0.0894342002773553,0.0254165883814774,0.00188930772005616,0.0741589142437104,0.0102385733170733,0.0171665275677887,0.00298996868426569,0.0221866514224955,0.0553242284292351,0.0173492259265198,0.142034923152636,0.0369540555038652,0.116676236725115,0.0752020914023205,0.301541252619725,0.279329951065365,1
0.951036590417979,0.693918470823343,0.723714870328919,0.357363349144617,0.31927196024149,0.358573764941451,0.218728833260593,0.167660765443827,0.105973338888327,0.0751608247647785,0.061818619459585,0.0292552989682023,0.00797353743945149,0.00739671426869207,0.0116305821361132,0.00627615164803377,0.031925443751176,0.055857581716093,0.154673994409787,0.0640588662263269,0.0991819406640227,0.0528804461179493,0.305530088173462,0.276444418397965,-1
0.982007163611672,0.405405705134888,0.0116393083607911,0.34518998178325,0.482746349184228,0.304463601341868,0.648255804307647,0.681843143500868,0.714377793483779,0.774896224255154,0.752348434321816,0.843512647202286,0.799153700920128,0.819304943076806,0.827146606674166,0.825262716054299,0.856392121338815,0.790924641057036,0.649803730285927,0.832310507646721,0.803001118223054,0.87053167026688,0.728698182638675,0.455259464248385,1
